diffhtwo/experimental/data/feniks_test_data/feniks_zout_selected_for_testing.ecsv
# %ECSV 1.0
# ---
# datatype:
# - {name: id, datatype: int64}
# - {name: ra, datatype: float64}
# - {name: dec, datatype: float64}
# - {name: z_spec, datatype: float64}
# - {name: nusefilt, datatype: int64}
# - {name: z_ml, datatype: float32}
# - {name: z_ml_chi2, datatype: float32}
# - {name: z_ml_risk, datatype: float32}
# - {name: lc_min, datatype: float64, format: .1f}
# - {name: lc_max, datatype: float64, format: .1f}
# - {name: z_phot, datatype: float32}
# - {name: z_phot_chi2, datatype: float32}
# - {name: z_phot_risk, datatype: float32}
# - {name: z_min_risk, datatype: float32}
# - {name: min_risk, datatype: float32}
# - {name: z_raw_chi2, datatype: float32}
# - {name: raw_chi2, datatype: float32, format: 8.4f}
# - {name: z025, datatype: float32, format: 8.4f}
# - {name: z160, datatype: float32, format: 8.4f}
# - {name: z500, datatype: float32, format: 8.4f}
# - {name: z840, datatype: float32, format: 8.4f}
# - {name: z975, datatype: float32, format: 8.4f}
# - {name: restU, datatype: float32, format: .3f}
# - {name: restU_err, datatype: float32, format: .3f}
# - {name: restB, datatype: float32, format: .3f}
# - {name: restB_err, datatype: float32, format: .3f}
# - {name: restV, datatype: float32, format: .3f}
# - {name: restV_err, datatype: float32, format: .3f}
# - {name: restJ, datatype: float32, format: .3f}
# - {name: restJ_err, datatype: float32, format: .3f}
# - {name: dL, unit: Mpc, datatype: float64, format: .1e}
# - {name: Lv, unit: solLum, datatype: float64, format: .2e}
# - {name: mass, unit: solMass, datatype: float64, format: .2e}
# - {name: sfr, unit: solMass / yr, datatype: float64, format: .3f, description: SFR over last 100 Myr}
# - {name: LIR, unit: solLum, datatype: float64, format: .2e, description: IR luminosity = energy_abs}
# - {name: energy_abs, unit: solLum, datatype: float64, format: .2e}
# - {name: Av, datatype: float64, format: .2f}
# - {name: lw_age_V, unit: Gyr, datatype: float64, format: .2f}
# - {name: MLv, unit: solMass / solLum, datatype: float64, format: .2f}
# - {name: Lv_p, unit: solLum, datatype: string, format: .2e, subtype: 'float64[5]'}
# - {name: mass_p, unit: solMass, datatype: string, format: .2e, subtype: 'float64[5]'}
# - {name: LIR_p, unit: solLum, datatype: string, format: .2e, subtype: 'float64[5]'}
# - {name: sfr_p, unit: solMass / yr, datatype: string, format: .3f, subtype: 'float64[5]'}
# - {name: Av_p, datatype: string, format: .2f, subtype: 'float64[5]'}
# - {name: ssfr_p, unit: 1 / yr, datatype: string, format: .2e, subtype: 'float64[5]'}
# - {name: rest414, datatype: float32, format: .3f}
# - {name: rest414_err, datatype: float32, format: .3f}
# - {name: rest415, datatype: float32, format: .3f}
# - {name: rest415_err, datatype: float32, format: .3f}
# - {name: rest416, datatype: float32, format: .3f}
# - {name: rest416_err, datatype: float32, format: .3f}
# meta: !!omap
# - version: !!python/tuple [0.6.3, Eazy-py version]
# - prior: !!python/tuple [true, Prior applied (templates/prior_K_TAO.dat)]
# - betprior: !!python/tuple [true, Beta prior applied]
# - fitter: !!python/tuple [nnls, Optimization method for template fits]
# - {SYS_ERR: 0.01}
# - {TEMP_ERR_FILE: templates/template_error_10.def}
# - {TEMP_ERR_A2: 0.2}
# - {PRIOR_FILTER: 265.0}
# - {PRIOR_ABZP: 25.0}
# - {IGM_SCALE_TAU: 1.0}
# - {APPLY_IGM: y}
[...]
# - ZP259: !!python/tuple [1.009998, ZP offset in filter 259 (fcol_VIDEO_Ks)]
# - ZP265: !!python/tuple [1.0, ZP offset in filter 265 (fcol_UDS_K)]
# - ZP18: !!python/tuple [1.004935, ZP offset in filter 18 (fcol_ch1)]
# - ZP19: !!python/tuple [1.020487, ZP offset in filter 19 (fcol_ch2)]
# - ZP20: !!python/tuple [0.873884, ZP offset in filter 20 (fcol_ch3)]
# - ZP21: !!python/tuple [0.911839, ZP offset in filter 21 (fcol_ch4)]
# - FNUSCALE: !!python/tuple [3.630780547701009e-30, Scale factor to f-nu CGS]
# - COSMOL: !!python/tuple [null, Cosmological model]
# - COS_OM: !!python/tuple [0.3, Omega matter]
# - COS_OL: !!python/tuple [0.7, Omega lambda]
# - COS_H0: !!python/tuple [70.0, Hubble constant]
# - RF_PADW: !!python/tuple [0.5, pad_width for RF fluxes]
# - RF_PADM: !!python/tuple [2, max_err for RF fluxes]
# - name414: !!python/tuple [synthetic_u, Filter name]
# - pivot414: !!python/tuple [2897.6857795148794, 'Pivot wavelength, Angstrom']
# - name415: !!python/tuple [synthetic_g, Filter name]
# - pivot415: !!python/tuple [4498.510075460355, 'Pivot wavelength, Angstrom']
# - name416: !!python/tuple [synthetic_i, Filter name]
# - pivot416: !!python/tuple [7494.424634848719, 'Pivot wavelength, Angstrom']
# schema: astropy-2.0
id ra dec z_spec nusefilt z_ml z_ml_chi2 z_ml_risk lc_min lc_max z_phot z_phot_chi2 z_phot_risk z_min_risk min_risk z_raw_chi2 raw_chi2 z025 z160 z500 z840 z975 restU restU_err restB restB_err restV restV_err restJ restJ_err dL Lv mass sfr LIR energy_abs Av lw_age_V MLv Lv_p mass_p LIR_p sfr_p Av_p ssfr_p rest414 rest414_err rest415 rest415_err rest416 rest416_err
[from data line 102]
196254 34.4456021 -4.8171974 -1.0 24 0.88424677 13.179146 0.0022159726 3828.055752116374 79157.48615416403 0.88424677 13.179146 0.0022159726 0.87751734 0.002915326 0.87751734 13.7802 0.85964775 0.8753416 0.8860339 0.8984961 0.91222537 1.0223223 0.03233847 2.7953207 0.044704914 4.9490013 0.10864043 16.58749 0.55151176 5675.984092455189 5254030541.494423 12445073019.212748 0.7309218459944701 5626785524.598781 0.0 0.5650894098378882 -99.0 2.3686716171377546 [0.8186154429398842,0.8459453835938934,0.8941545263707287,0.9361586124035232,0.9590641619227301] [10572964801.605352,11321891621.555965,12284974035.840164,13802171392.576977,14843049009.206242] [3607540072.685532,4480210487.890696,6349450796.438305,8590100208.426868,11409826483.891678] [0.36823908653997245,0.5288771765957606,0.7989573989135632,1.131817897482707,1.397756741946373] [0.47361456929413226,0.5245828957024226,0.5878425782790442,0.728198397749649,0.8850929483942301] [2.8851216232982942e-11,4.246350098075753e-11,6.761028225631059e-11,9.718808522129412e-11,1.1499806359054182e-10] 0.37911358 0.015144184 3.2281687 0.051710963 8.998173 0.7498684
46883 34.2194735 -5.3756353 -1.0 24 0.9176607 51.831623 0.02458085 3828.055752116374 79157.48615416403 0.9176607 51.831623 0.02458085 0.87751734 0.013894395 0.9154457 51.526134 0.8313856 0.84902656 0.8774161 0.9193242 0.93856364 0.50372005 0.021373332 1.193819 0.018765867 1.8611845 0.071567476 4.354506 0.23362827 5941.773453949506 2127552865.3483741 2469563865.052619 0.003926399021518233 361196709.1438581 0.0 0.5900933724038664 -99.0 1.1607532321638656 [1.216582008893299,1.24830305802112,1.2811378961628868,1.3118623577870263,1.354061266155319] [2244474687.954617,2356066779.706498,2473481091.0598216,2565801114.3213468,2666163732.477298] [342099350.05242634,351400509.72937036,361305348.24061984,369439636.4229109,377079959.93326604] [0.0037406586755108543,0.003824766893227521,0.0039293076032984806,0.0040141777603409454,0.0041353701410429475] [0.4829623586852603,0.534343472382726,0.5955041943996304,0.6423538984173865,0.6891749494895358] [1.3972519144842437e-12,1.4941281734871717e-12,1.5962751025478095e-12,1.7014408562174952e-12,1.84767463367612e-12] 0.16882497 0.009109192 1.3001168 0.027295053 2.8153968 0.07240081
200798 34.7330987 -4.7996455 -1.0 24 2.756278 131.86804 0.0019578123 3828.055752116374 79157.48615416403 2.756278 131.86804 0.0019578123 2.7432353 0.002425875 2.7432353 132.28345 2.7072685 2.7292526 2.7552674 2.7799106 2.8035402 4.0172234 0.10011172 5.1145916 0.12682939 6.0852203 0.1837852 7.5082855 0.5512805 22949.437884657644 52977706650.50156 15337113601.643377 19.227151077114755 94867020302.95576 0.0 0.3074893286118905 -99.0 0.28950127461771086 [1.7727752234827467,1.816318145235999,1.848856553075213,1.8978406381003619,1.9399855496540483] [14671509331.059624,15126580777.459236,15354099106.812366,15656721433.444572,16061993156.988916] [62495415721.351295,77873749991.47554,93975433305.07681,105962973742.73991,123796300752.39609] [13.228317977932788,16.182835863193148,19.000773851956442,21.273166589463113,24.625597884357934] [0.20159931288202246,0.25156169493286973,0.30589374378475337,0.34066209059637453,0.386277511974932] [8.212850437749666e-10,1.0362386436041368e-09,1.2428098099965878e-09,1.41493874249383e-09,1.676464453295087e-09] 2.4386547 0.07417691 5.1253633 0.12615418 6.4527354 0.29730105
93046 34.7972029 -5.199049 1.5111 24 1.5241674 75.13023 0.0008684945 3828.055752116374 79157.48615416403 1.5111 80.02037 0.0031068374 1.5343833 0.0007591447 1.5343833 76.55015 1.5346731 1.53625 1.540122 1.5435773 1.547681 4.9861526 0.043159008 7.293319 0.16256332 8.205387 0.26758742 14.764557 1.0447116 11008.075604560456 24586026093.683533 6952084308.077606 14.546651646174102 71456754321.1251 0.0 0.7773118387922386 -99.0 0.2827656767949045 [1.676862656191591,1.6888502958051084,1.6997986044719293,1.7083451887953955,1.7171253985958694] [6451740863.730445,6571547136.287167,6949383630.7409725,7383220101.090287,7956753672.086571] [68464093152.90452,69477353414.95245,71398100041.22665,73257986472.1392,74119756103.96301] [14.142422519940881,14.298620066831955,14.533832986971662,14.788385079890814,14.898727756649073] [0.6377783662102403,0.6923553081631801,0.7780052966833234,0.8533667507849866,0.926768558091674] [1.7929487994975812e-09,1.9512873967407618e-09,2.0939039973978333e-09,2.236314482612327e-09,2.3115062910187484e-09] 3.4327714 0.039705634 7.1272006 0.16133928 11.314718 1.3581562
217183 34.0690506 -4.7382179 -1.0 23 2.6622307 27.016714 0.014688361 3828.055752116374 79157.48615416403 2.6622307 27.016714 0.014688361 2.6691144 0.014032433 2.6691144 27.03804 2.540292 2.629576 2.6832 2.752771 2.81882 1.4501032 0.071888804 1.7051568 0.103022814 1.9216161 0.09756988 2.259831 0.501997 22006.36369572938 15777857315.946863 3214570071.026677 6.8207103540379 22799020664.752926 0.0 0.193277556398726 -99.0 0.20373932953352758 [1.9404804017828592,1.9784846558098197,2.0466951645660334,2.131996643852353,2.221791765118046] [2880865998.157082,2982732471.727325,3127946239.748458,3568902792.884538,4004667447.130819] [8371219259.15809,16632433914.810072,24562216195.736153,29430246607.011543,30951583801.180435] [4.27845033545771,5.702920538145859,7.265967643281508,7.722684216736507,7.776331829053816] [0.06702194004760177,0.1422886678971236,0.2070236318980223,0.24375814230616052,0.25647622513596346] [1.0742000530791861e-09,1.6000891183347421e-09,2.3751497222500773e-09,2.586060808520862e-09,2.6962323439766923e-09] 0.9596392 0.050916195 1.6454735 0.101347566 2.038214 0.18380839
5319 34.7008305 -5.5299268 -1.0 13 1.2830219 13.0600195 0.030369677 4447.9638671972125 57450.28623538123 1.2830219 13.0600195 0.030369677 1.2477963 0.020483106 1.2932048 13.158667 1.1557591 1.1827768 1.2644148 1.2914177 1.3027216 0.9043887 0.039977193 1.4070979 0.06818247 1.5583076 0.11708623 2.8837607 0.17540264 8993.107838863249 3427624513.247716 1249895269.391537 1.402700428743847 7061924633.938313 0.0 0.5812504217768842 -99.0 0.3646534982349178 [1.6778048308070095,1.7340352232784626,1.8107918589073555,1.8651737684434824,1.8862867423522494] [922141164.0026773,1024738191.2298442,1139254757.0310535,1296209396.5684726,1438052535.4951403] [4362072768.691018,5266634171.800269,7159322359.02343,8938467781.261765,10110124784.573853] [0.9579539093839518,1.1513166154664296,1.5236989562733478,1.8218706596048093,2.0908165863662194] [0.4550208389462449,0.4938574764265199,0.5412644419275625,0.5984710063269958,0.6507479311198073] [6.839685073924087e-10,9.204814617142953e-10,1.3773643936997404e-09,1.7066827277884329e-09,2.1717914115519326e-09] 0.5329547 0.018630981 1.4134077 0.08150506 1.9034326 0.24866146
228409 34.3248588 -4.6957697 -1.0 24 0.6383867 52.398956 0.0009872027 3828.055752116374 79157.48615416403 0.6383867 52.398956 0.0009872027 0.63223517 0.0013678368 0.63223517 53.066414 0.62340796 0.62778103 0.63308054 0.6458773 0.65173006 1.366776 0.062147617 2.735278 0.05005443 4.108369 0.035377264 13.238377 0.23593807 3806.4587305054956 2255930695.083239 2424730112.269674 0.4593361927044322 3423279097.9815793 0.0 1.333259105641705 -99.0 1.0748247353317768 [1.2565847371551,1.2900410746753672,1.3193002808723904,1.346348296334756,1.366048215541857] [2214236354.852904,2361446308.061568,2543156372.459941,2727246340.937653,2870089017.3717523] [2286224305.890899,2850505029.647145,3344869659.167223,3814593006.581177,4271512689.9338884] [0.33262561148336967,0.3871533741062858,0.44081179243900437,0.5050829401010257,0.5887137646550026] [1.0783260188763357,1.2117820600193476,1.3006987382171364,1.409948242432864,1.4644397897447063] [1.161974209207623e-10,1.4694188085266404e-10,1.7400237478975716e-10,2.13252351359554e-10,2.4090086538838585e-10] 0.7454031 0.025712937 2.912966 0.04344368 6.5294485 0.11231089
1484 34.6488967 -5.5475504 -1.0 21 0.6465206 45.914436 7.34945e-05 3828.055752116374 57450.28623538123 0.6465206 45.914436 7.34945e-05 0.6486394 5.4774222e-08 0.6486394 46.374752 0.6455157 0.6466348 0.64929307 0.65155643 0.6544404 1.0258323 0.020143867 1.6373211 0.029418409 1.8763942 0.033702075 2.295488 0.07893944 3865.616315555065 1057364808.1914656 347923899.1739038 0.243977267787055 485833552.8589668 0.0 0.14253278685347065 -99.0 0.3290481170533741 [2.024058775964902,2.064502270526287,2.0985253364963397,2.1293791887174836,2.1503650278837116] [328324892.56129116,337870367.6093989,347820745.8917607,359208718.04570264,372813668.5321607] [417508006.45637304,454161855.65607893,483277459.274672,508952683.956012,559419176.3485013] [0.1978542083757961,0.22326936596241398,0.2429714730092526,0.25865959211936257,0.29233961095191185] [0.08418546282186938,0.11326644390532972,0.15196325302377695,0.18491225275561898,0.20759249119059214] [5.787604779006546e-10,6.441242200926717e-10,6.982583187241179e-10,7.389031017649034e-10,8.149080915846877e-10] 0.70791495 0.013217926 1.66185 0.033357203 1.6806955 0.06404883
237172 34.5781825 -4.6582274 -1.0 24 0.7870189 44.035774 0.0067200037 3828.055752116374 79157.48615416403 0.7870189 44.035774 0.0067200037 0.8038988 0.005729752 0.7859497 43.92612 0.762749 0.78160125 0.7937873 0.8012792 0.8237035 0.9573594 0.016840786 1.5724299 0.019758224 1.8768454 0.042045593 2.2944038 0.07868695 4917.61980218877 1577029321.1719568 602674197.8140513 0.34666432006473086 1607739736.46782 0.0 0.18006606178292978 -99.0 0.38215788997897565 [1.6684908553969258,1.7763800743288234,1.843263595463882,1.8854417936680818,1.907434143958397] [528776289.8761133,547125458.8601778,615162437.4525619,697800763.8715852,815598580.7835838] [1444865845.5264928,1545508832.0542421,1689065909.1860924,1860036848.1487286,1998881550.129379] [0.30539380921973924,0.3237626759899132,0.3567536736918894,0.39145394288790164,0.4176812386629694] [0.15775988103922906,0.16600808171497586,0.18999047685046005,0.33805978974075207,0.4691205692526818] [4.640493641253552e-10,5.044882969256491e-10,5.781091908190586e-10,6.452890441915124e-10,7.312443967528968e-10] 0.61129445 0.017882347 1.6271205 0.02244389 2.1809878 0.18830371
183257 34.7075239 -4.8694332 -1.0 16 0.9260646 14.692575 0.0058811307 3828.055752116374 79157.48615416403 0.9260646 14.692575 0.0058811307 0.9154457 0.0062291236 0.93469626 14.939761 0.8761228 0.901007 0.9232572 0.94310284 0.9668612 0.7901271 0.027012438 1.3586599 0.05995637 1.4612391 0.08265686 1.9704746 0.10334927 6009.016662101345 1700935015.638139 674271190.5251999 0.23165328819071837 548988405.3086371 0.0 0.11192932403871715 -99.0 0.3964120817821096 [1.9998389830073806,2.0204449840674603,2.0369326581123834,2.0589142847616273,2.077685779985283] [620618870.4678085,647935601.7186733,680093591.5964161,705045583.3566883,735232497.4443486] [472937623.88875,503351667.30314124,549011519.1899177,583895173.5370868,619073219.3720797] [0.18481558620918018,0.20366328958921986,0.2290388639237032,0.25221962320349695,0.2717597832922204] [0.088322060648659,0.09820469160199675,0.11332167967944573,0.12474106255845142,0.134143126002771] [2.762991512989326e-10,3.014476766005166e-10,3.405035534667824e-10,3.695630780022355e-10,4.061703312077939e-10] 0.5187949 0.016043365 1.3787723 0.09488398 1.6775899 0.18466026
64376 34.3898513 -5.2987895 -1.0 19 0.31275633 184.32808 0.00021573954 3828.055752116374 79157.48615416403 0.31275633 184.32808 0.00021573954 0.3098994 7.637117e-06 0.3098994 185.1919 0.30548617 0.30799764 0.31068325 0.31365788 0.31711325 14.717958 0.1994009 47.480045 0.7152138 93.975876 1.024292 373.26813 2.86055 1629.2217413697426 11798402077.529617 44054227145.21177 0.010123491270234508 2682488130.7098145 0.0 0.5046982162083817 -99.0 3.7339147162236705 [0.7067863129804062,0.7105533854820695,0.7153316448024462,0.7191329587364252,0.7213801481468591] [43399151182.13777,43621015850.57479,43962679728.51142,44416599212.64963,44745438562.883766] [2605496855.2103553,2642216598.820062,2680775290.920908,2711783820.9732933,2737982483.3379426] [0.009764929142271056,0.009915126773188501,0.010157585193943993,0.010354161343871945,0.010489399833244477] [0.47056415116121875,0.489047824805302,0.5050996251813441,0.5200420699743116,0.5306344779553867] [2.1822154175811797e-13,2.2358666995923327e-13,2.312104498902822e-13,2.370481392760878e-13,2.412513628441397e-13] 3.382858 0.056104064 56.999672 0.8435116 182.71155 1.4861755
112655 34.4072483 -5.1287744 -1.0 24 1.2948492 10.178954 0.0022705412 3828.055752116374 79157.48615416403 1.2948492 10.178954 0.0022705412 1.2932048 0.0023631235 1.2932048 10.325554 1.2630751 1.2854024 1.2976099 1.316858 1.3395314 1.0363786 0.026652932 1.7632114 0.0611372 2.3317542 0.13077748 4.4560256 0.33652234 9095.754146283449 5219592199.165431 3186245257.050874 2.374469949416399 13031737469.232553 0.0 0.5218347629873751 -99.0 0.6104395009173951 [1.116227192815359,1.2197044692235468,1.3605004955144988,1.4423008697859092,1.5050489959832274] [2336997478.7312045,2849183339.818603,4117182559.4053254,5734078113.124733,7111690884.444858] [9659283343.956156,11894272142.276115,14483653967.53091,18263693112.286915,20513650302.2358] [1.6870019704375354,2.050705419454722,2.4895076642289005,3.066815462957619,3.593785990437707] [0.4557628695544285,0.5167184197596921,0.6036522375428548,0.9589735478280127,1.158120788002191] [2.776094535325536e-10,3.818975076863709e-10,5.848984617581394e-10,1.0012677716036023e-09,1.491819777656429e-09] 0.6243107 0.016889721 1.8100094 0.07072425 3.0075827 0.580552
115767 34.8594093 -5.11734 1.1182 23 1.1094326 950.2618 0.00055199856 3828.055752116374 79157.48615416403 1.1182 992.84753 1.6927717e-05 1.1168948 2.4322508e-18 1.1168948 979.4764 1.1087384 1.1103275 1.1138608 1.1167357 1.1203824 7.852833 0.06912351 8.155006 0.05488205 7.95189 0.09698486 9.976716 0.65240717 7586.24467190539 13414907107.45035 1922486925.133898 7.050477600802692 12201118000.743223 0.0 0.19039795078149865 -99.0 0.1433097456236719 [2.4324407306029765,2.4338103423328956,2.435720228979215,2.4374537436269437,2.4395956077544847] [1874925780.6344337,1902109917.4398541,1924146404.474284,1948461285.0636194,1965921479.230058] [12190319695.630156,12196491595.119741,12201494769.730495,12207015231.909328,12210979402.787193] [7.049923140714313,7.050146027330789,7.050456416860994,7.050737721752983,7.051084738528206] [0.17087934893235251,0.182085753590706,0.1910716112327081,0.2008863545858052,0.2078702690209888] [3.5860677096857493e-09,3.6183146675910486e-09,3.6641995760883605e-09,3.7067983517744955e-09,3.7607292162923556e-09] 6.352885 0.061616898 8.135219 0.07460308 7.6575704 0.17166853
