diffhtwo/experimental/data/feniks_test_data/feniks_zout_selected_for_testing.ecsv
# %ECSV 1.0
# ---
# datatype:
# - {name: id, datatype: int64}
# - {name: ra, datatype: float64}
# - {name: dec, datatype: float64}
# - {name: z_spec, datatype: float64}
# - {name: nusefilt, datatype: int64}
# - {name: z_ml, datatype: float32}
# - {name: z_ml_chi2, datatype: float32}
# - {name: z_ml_risk, datatype: float32}
# - {name: lc_min, datatype: float64, format: .1f}
# - {name: lc_max, datatype: float64, format: .1f}
# - {name: z_phot, datatype: float32}
# - {name: z_phot_chi2, datatype: float32}
# - {name: z_phot_risk, datatype: float32}
# - {name: z_min_risk, datatype: float32}
# - {name: min_risk, datatype: float32}
# - {name: z_raw_chi2, datatype: float32}
# - {name: raw_chi2, datatype: float32, format: 8.4f}
# - {name: z025, datatype: float32, format: 8.4f}
# - {name: z160, datatype: float32, format: 8.4f}
# - {name: z500, datatype: float32, format: 8.4f}
# - {name: z840, datatype: float32, format: 8.4f}
# - {name: z975, datatype: float32, format: 8.4f}
# - {name: restU, datatype: float32, format: .3f}
# - {name: restU_err, datatype: float32, format: .3f}
# - {name: restB, datatype: float32, format: .3f}
# - {name: restB_err, datatype: float32, format: .3f}
# - {name: restV, datatype: float32, format: .3f}
# - {name: restV_err, datatype: float32, format: .3f}
# - {name: restJ, datatype: float32, format: .3f}
# - {name: restJ_err, datatype: float32, format: .3f}
# - {name: dL, unit: Mpc, datatype: float64, format: .1e}
# - {name: Lv, unit: solLum, datatype: float64, format: .2e}
# - {name: mass, unit: solMass, datatype: float64, format: .2e}
# - {name: sfr, unit: solMass / yr, datatype: float64, format: .3f, description: SFR over last 100 Myr}
# - {name: LIR, unit: solLum, datatype: float64, format: .2e, description: IR luminosity = energy_abs}
# - {name: energy_abs, unit: solLum, datatype: float64, format: .2e}
# - {name: Av, datatype: float64, format: .2f}
# - {name: lw_age_V, unit: Gyr, datatype: float64, format: .2f}
# - {name: MLv, unit: solMass / solLum, datatype: float64, format: .2f}
# - {name: Lv_p, unit: solLum, datatype: string, format: .2e, subtype: 'float64[5]'}
# - {name: mass_p, unit: solMass, datatype: string, format: .2e, subtype: 'float64[5]'}
# - {name: LIR_p, unit: solLum, datatype: string, format: .2e, subtype: 'float64[5]'}
# - {name: sfr_p, unit: solMass / yr, datatype: string, format: .3f, subtype: 'float64[5]'}
# - {name: Av_p, datatype: string, format: .2f, subtype: 'float64[5]'}
# - {name: ssfr_p, unit: 1 / yr, datatype: string, format: .2e, subtype: 'float64[5]'}
# - {name: rest414, datatype: float32, format: .3f}
# - {name: rest414_err, datatype: float32, format: .3f}
# - {name: rest415, datatype: float32, format: .3f}
# - {name: rest415_err, datatype: float32, format: .3f}
# - {name: rest416, datatype: float32, format: .3f}
# - {name: rest416_err, datatype: float32, format: .3f}
# meta: !!omap
# - version: !!python/tuple [0.6.3, Eazy-py version]
# - prior: !!python/tuple [true, Prior applied (templates/prior_K_TAO.dat)]
# - betprior: !!python/tuple [true, Beta prior applied]
# - fitter: !!python/tuple [nnls, Optimization method for template fits]
# - {SYS_ERR: 0.01}
# - {TEMP_ERR_FILE: templates/template_error_10.def}
# - {TEMP_ERR_A2: 0.2}
# - {PRIOR_FILTER: 265.0}
# - {PRIOR_ABZP: 25.0}
# - {IGM_SCALE_TAU: 1.0}
# - {APPLY_IGM: y}
[...]
# - ZP259: !!python/tuple [1.009998, ZP offset in filter 259 (fcol_VIDEO_Ks)]
# - ZP265: !!python/tuple [1.0, ZP offset in filter 265 (fcol_UDS_K)]
# - ZP18: !!python/tuple [1.004935, ZP offset in filter 18 (fcol_ch1)]
# - ZP19: !!python/tuple [1.020487, ZP offset in filter 19 (fcol_ch2)]
# - ZP20: !!python/tuple [0.873884, ZP offset in filter 20 (fcol_ch3)]
# - ZP21: !!python/tuple [0.911839, ZP offset in filter 21 (fcol_ch4)]
# - FNUSCALE: !!python/tuple [3.630780547701009e-30, Scale factor to f-nu CGS]
# - COSMOL: !!python/tuple [null, Cosmological model]
# - COS_OM: !!python/tuple [0.3, Omega matter]
# - COS_OL: !!python/tuple [0.7, Omega lambda]
# - COS_H0: !!python/tuple [70.0, Hubble constant]
# - RF_PADW: !!python/tuple [0.5, pad_width for RF fluxes]
# - RF_PADM: !!python/tuple [2, max_err for RF fluxes]
# - name414: !!python/tuple [synthetic_u, Filter name]
# - pivot414: !!python/tuple [2897.6857795148794, 'Pivot wavelength, Angstrom']
# - name415: !!python/tuple [synthetic_g, Filter name]
# - pivot415: !!python/tuple [4498.510075460355, 'Pivot wavelength, Angstrom']
# - name416: !!python/tuple [synthetic_i, Filter name]
# - pivot416: !!python/tuple [7494.424634848719, 'Pivot wavelength, Angstrom']
# schema: astropy-2.0
id ra dec z_spec nusefilt z_ml z_ml_chi2 z_ml_risk lc_min lc_max z_phot z_phot_chi2 z_phot_risk z_min_risk min_risk z_raw_chi2 raw_chi2 z025 z160 z500 z840 z975 restU restU_err restB restB_err restV restV_err restJ restJ_err dL Lv mass sfr LIR energy_abs Av lw_age_V MLv Lv_p mass_p LIR_p sfr_p Av_p ssfr_p rest414 rest414_err rest415 rest415_err rest416 rest416_err
[from data line 29]
81512 34.7432592 -5.2410357 -1.0 24 0.42977157 43.945717 0.00077260076 3828.055752116374 79157.48615416403 0.42977157 43.945717 0.00077260076 0.43325824 0.00089396327 0.43325824 44.361446 0.41538912 0.42322138 0.43052742 0.4360408 0.44157124 1.5986023 0.029867232 4.491046 0.10617852 9.365241 0.062399864 37.54115 0.7441368 2364.7350747364167 2274299983.1582117 8078835000.360351 0.3638437049766465 2815817406.338298 0.0 0.6736002220395441 -99.0 3.5522292838175455 [0.6686289097951373,0.6854819152313124,0.6959777248751042,0.7131558861393181,0.7339640385491131] [7666780277.212692,7852876335.809431,8139862953.12477,8354312660.1469,8499469840.268794] [1390684005.9932768,1701621198.0477242,2699572514.4268737,3630228131.912233,4596473321.004027] [0.15487069073083407,0.19640974153544688,0.34185191973840867,0.4959160268229586,0.6120718919766871] [0.5684204721946354,0.6055054960332554,0.657013310615352,0.6814395135748037,0.7011747384840296] [1.9962541098953695e-11,2.518413791798436e-11,4.196815763978913e-11,6.040083264988947e-11,7.293860218603176e-11] 0.56741804 0.018536419 5.211282 0.10542345 18.609032 0.32644844
214083 34.0167511 -4.7470703 -1.0 23 0.949935 55.867306 0.0016875186 3828.055752116374 79157.48615416403 0.949935 55.867306 0.0016875186 0.95414025 0.0019304192 0.95414025 56.15943 0.928721 0.9391245 0.9491263 0.96006835 0.9721953 3.391641 0.089362144 7.479898 0.0573318 12.442091 0.3551054 40.622417 1.3800335 6200.859026729164 15233773869.321028 27010947316.3786 4.5479318795211245 29327538328.256935 0.0 0.7856952098998099 -99.0 1.7730962496939364 [0.9804839586284075,1.01070785304702,1.0377469412581029,1.0550219150660578,1.0692133319258623] [25422422894.787777,26198987601.114944,27115788270.831367,29239041631.152397,32437246310.34636] [23133503399.343666,25873665077.18534,29055127407.694534,32007568138.353832,34923411791.94613] [3.442446973821725,3.8912404125360176,4.448651371648889,4.926479014295852,5.430874314547736] [0.6940692566777152,0.7530974806488074,0.7814891127829755,0.809069854311419,0.8420927122138427] [1.179903507549468e-10,1.4011962461686324e-10,1.63383911246659e-10,1.8418029393345568e-10,2.020661324115951e-10] 1.5929008 0.037720144 8.303747 0.05694151 20.490206 1.4154396
102196 34.7532201 -5.1658235 -1.0 24 0.5899815 16.943203 0.025125083 3828.055752116374 79157.48615416403 0.5899815 16.943203 0.025125083 0.61599416 0.02105945 0.5839953 17.162811 0.5652182 0.5809672 0.5977066 0.6578609 0.682844 0.46090397 0.012636125 0.9404645 0.018659502 1.342825 0.021890521 2.4612699 0.08948088 3458.6826547938035 627305768.5535798 584330253.3388454 0.0898348599311836 211563711.84446084 0.0 0.10812938104661508 -99.0 0.9314919177073313 [1.2438382147401719,1.3177516078577514,1.4006627154730271,1.4569531915296674,1.527293458805686] [495392229.98834294,569035397.4486511,616492250.0373621,701532469.4215255,753152430.9086765] [101995386.93820082,145814747.8661476,168330698.63224608,216752964.74902135,243417438.74912155] [0.015329477930148326,0.04305118912931272,0.062130405241444045,0.09261364672640827,0.10637590870907199] [0.09853962966178603,0.10398126029601716,0.1092436919896225,0.11348846212125188,0.11879300271714212] [2.4109958751608432e-11,6.439034592443218e-11,1.0043500670575041e-10,1.6480401192298512e-10,1.9267262349435714e-10] 0.26301035 0.008915767 1.0129418 0.024983525 1.8258064 0.06456298
213134 34.063542 -4.7521282 -1.0 23 2.2119784 16.803755 0.026061585 3828.055752116374 79157.48615416403 2.2119784 16.803755 0.026061585 2.2218325 0.026799168 2.2218325 16.79994 2.0784342 2.134539 2.2125556 2.28393 2.372738 0.5636629 0.06868437 1.307176 0.19206345 2.125458 0.10918319 9.203665 0.25317478 17571.986949031576 12686802920.043962 11651037816.47686 15.006609773224238 108231407707.06665 0.0 2.0998485539588523 -99.0 0.9183588560416044 [0.7510409881253224,0.8012557686559795,0.8582409445308541,0.885247320472867,0.9109365265924215] [11005935660.73142,11384529245.2144,12022301978.249222,12604695700.535057,13084839265.493729] [82674154403.67737,88333266258.7229,107632097519.64603,133253358544.41084,150648014426.46603] [10.608031995382673,11.34733992293514,14.722040566828413,18.999219136148806,21.66027887264283] [1.6780392999464635,1.9180242298144417,2.087031501173403,2.139618444427619,2.2023353812314874] [8.576199042491368e-10,8.830262158346534e-10,1.234076135591379e-09,1.6221326634405863e-09,1.794906344586192e-09] 0.2650813 0.021711655 1.3733506 0.32175046 3.8942091 0.27737248
99361 34.0965021 -5.1777581 -1.0 10 1.4716752 22.836636 0.3634779 9190.057241213268 79157.48615416403 1.4716752 22.836636 0.3634779 1.3630433 0.32626945 0.39089903 21.614668 0.38987672 0.83781195 1.2742493 1.4578285 2.772304 0.8288791 0.046806633 1.1615288 0.07602459 1.3953494 0.07482231 2.098799 0.24901813 10654.684303937413 3979268410.6494675 905299906.3963772 3.3109456220923774 15201119414.57978 0.0 0.6222843896628721 -99.0 0.22750410702971924 [1.2751204876966835,1.4080495479971904,1.6429821664914281,1.8505122909339242,2.069704873117619] [876011710.7725284,910744475.3132367,983864627.0567218,1114838187.8042724,1268028265.491204] [5409115038.399275,9855878338.316399,14925973139.969433,21256147826.850067,25564837189.700924] [1.7452845820197196,2.3916822589333027,3.2810293317407844,3.9526996569927855,4.406672134562837] [0.5354974325978228,0.5958852271649703,0.6969774636821051,0.7775050404625403,0.9125083240171212] [1.8625932369589317e-09,2.445830982815481e-09,3.48323700708683e-09,3.599678631829543e-09,3.6647528609017196e-09] 0.54521054 0.21963237 1.1412846 0.075987816 1.8921868 0.36090648
179143 34.131035 -4.8839031 -1.0 21 0.19805247 12.195735 0.0010040395 3828.055752116374 79157.48615416403 0.19805247 12.195735 0.0010040395 0.1971579 0.001019281 0.1971579 12.190999 0.18569216 0.19245039 0.19822086 0.20420478 0.2109939 3.1251485 0.16411376 5.24546 0.124275446 6.60501 0.11521149 9.886831 0.47353745 969.4094799143459 321693799.98274326 182499113.78565136 0.06355218039457619 132929766.71923104 0.0 0.0870496316433281 -99.0 0.5673069042531788 [1.7071324357727602,1.7542827302168726,1.777309019578495,1.7996878828218845,1.8223387481375426] [178603202.26640978,180777121.56872112,183115479.3771448,186164436.05956453,195879862.0799537] [112186751.57331574,121644905.77233498,135408458.7151006,144474071.86468372,153411159.04341406] [0.05037388435391752,0.05638575543905969,0.06512627392241252,0.07070596146496061,0.07637518031185661] [0.08024629802264258,0.08363582047417158,0.08754672934200614,0.09114426213595854,0.0949487660485459] [2.758003037443993e-10,3.091379491354776e-10,3.544498221483633e-10,3.8315450530958395e-10,3.9623098286477157e-10] 2.0482743 0.10972446 5.413329 0.17147279 7.951873 0.056399107
13014 34.3215986 -5.499681 -1.0 18 1.0364157 21.745274 0.0034497078 3828.055752116374 79157.48615416403 1.0364157 21.745274 0.0034497078 1.0338902 0.0034979784 1.0338902 21.467127 0.9940322 1.0261596 1.0356822 1.0489703 1.0716563 1.253873 0.07386619 2.4044263 0.054688692 3.552135 0.123895526 11.411369 0.9955282 6905.926816001493 5165323043.314828 5400516865.181377 2.9818818913143303 18830708858.223385 0.0 1.0949795739175472 -99.0 1.0455332260720744 [1.1337736678648471,1.1740894527285182,1.2133420670705557,1.2566328103090003,1.2868298493673742] [4728511733.989252,5096965442.1985035,5431337588.255935,5820286651.251786,6053657705.479082] [12934779835.004435,15911212429.805738,18568960431.15612,20971809406.220432,24874987827.940178] [1.9790902316652323,2.484866163185676,2.9253611917366786,3.3471451265886274,4.037249212026496] [0.9775332137988294,1.016486279501931,1.0887984627309155,1.145288483976057,1.208706739351563] [3.476003457023139e-10,4.4886995575827314e-10,5.391652597677822e-10,6.397346529419795e-10,7.377074285209305e-10] 0.66908693 0.020029843 2.5605958 0.084382534 5.4471326 0.2542441
23817 34.484665 -5.4592627 -1.0 23 0.9315635 25.516117 0.0010116664 4447.9638671972125 79157.48615416403 0.9315635 25.516117 0.0010116664 0.93469626 0.0011016764 0.93469626 25.890078 0.9138082 0.9281495 0.9382354 0.94475037 0.9521657 3.9138534 0.06399822 6.869511 0.052713633 8.693689 0.20657015 17.10212 0.48963642 6053.100043233429 10239560850.785894 7416857492.537301 2.5918859988811644 12761971121.091509 0.0 0.3821933809998821 -99.0 0.7243335530320181 [1.552860807976095,1.5703577128734534,1.5874728571202659,1.6030036795516445,1.6201379241966265] [6996355185.041536,7224223719.3864,7420691385.72798,7652892016.825103,7792971899.837365] [10335323012.584438,11040862785.350405,12658753037.203718,14305079082.219767,15554656213.289331] [2.1825291127952755,2.3164128912951782,2.615354438618798,2.8731347254910315,3.089112046522234] [0.32859761077091165,0.34665059136231857,0.382026651994857,0.42352582835999286,0.44814243646267105] [2.876528273325206e-10,3.0588174328607583e-10,3.4933003494948886e-10,3.92366693502412e-10,4.261674208822436e-10] 2.438066 0.03564608 7.229586 0.0480721 12.078876 1.9845772
97230 34.2205659 -5.1831413 1.422 23 0.08250647 955.77673 4.821936e-05 3828.055752116374 79157.48615416403 1.422 1897.5626 0.98548573 0.08323326 3.111066e-05 0.08323326 955.74316 0.07599732 0.07951626 0.08277439 0.085535824 0.08830631 6.5577507 0.051619053 12.183246 0.22573996 18.530005 0.90633583 45.414867 2.0736446 10212.322977449954 49542847475.9606 34725039255.877815 41.11241214778867 261938640806.50027 0.0 1.053372776751319 -99.0 0.7009092336230219 [1.0912941583643083,1.1074107583601724,1.1241787963256944,1.1423958739952083,1.1600200965070726] [33266873883.956093,33968116758.44518,34760921853.92555,35594368410.66184,36199627903.813385] [228361008730.29474,244272249851.188,259447592693.7198,274704674356.57214,294914266275.532] [35.76677434152692,38.264722738640245,40.749512744992685,43.12408371147436,46.38883462197377] [1.0071648906895438,1.0289491053749378,1.0537668380904022,1.0713258242875396,1.0897662528015006] [1.0012785261055674e-09,1.0814682091447067e-09,1.1705836335003179e-09,1.2688856217015755e-09,1.3917340302882194e-09] 3.4273999 0.025440693 12.568381 0.20828772 28.3307 2.100586
140031 34.167027 -5.0287736 -1.0 24 0.7952436 26.166483 0.0011479214 3828.055752116374 79157.48615416403 0.7952436 26.166483 0.0011479214 0.8038988 0.0021087176 0.8038988 26.720875 0.7931568 0.79463226 0.79782844 0.8005196 0.8033741 0.90970737 0.01575303 1.3887206 0.018801391 1.502802 0.048140228 2.0199866 0.08087659 4980.864833334944 1289491334.7992182 365037985.02998066 0.47526706844916666 1609854369.0434828 0.0 0.4490815360116059 -99.0 0.28308680731601765 [1.8228702850329517,1.9056475692117485,1.9917185291311688,2.0259717098623486,2.049595322506865] [357091440.07962674,360524128.8899866,370472408.7964039,380276486.18377846,397609888.30249804] [1094400016.796043,1282092027.196921,1585530070.9550786,2127626364.2680087,2635375146.0819483] [0.38113418256661225,0.4118475093461197,0.4710022770946726,0.5495207308225281,0.6431207365791923] [0.37965150509857637,0.4230393245794001,0.47203721334933996,0.5445951774753164,0.6402452406070027] [9.821708177199055e-10,1.0885125577380715e-09,1.2775643864875725e-09,1.4919872004384922e-09,1.7685468309441996e-09] 0.61332655 0.0121872425 1.3874137 0.021888435 1.8023616 0.17181945
51139 34.2623946 -5.3594481 -1.0 24 0.6434131 33.082333 0.0004465007 3828.055752116374 79157.48615416403 0.6434131 33.082333 0.0004465007 0.6486394 6.3974945e-09 0.6486394 36.21772 0.64560074 0.64699453 0.64983237 0.6523205 0.65478987 0.9654702 0.018998832 1.5443083 0.028622687 1.7356572 0.025896132 2.0857666 0.075199485 3842.991616278941 968470939.7932978 336020315.8985347 0.28536582502295255 537919023.7939563 0.0 0.10132143707867988 -99.0 0.3469596268631995 [1.948949058748616,1.9763586756049176,2.0049857108485156,2.0379394747046815,2.0781283284171463] [318684830.20547855,328746619.15670514,338929382.2973776,350530746.39167404,361528974.52259076] [487483015.46493316,514166513.57132053,548131499.4612808,569344136.5639669,593037971.7719905] [0.25189632245288696,0.2693568010534318,0.29205589811317245,0.3060929077323589,0.32176092150996033] [0.08205326812534942,0.08614159699818201,0.09366044060544253,0.1433187823040607,0.17068018399390028] [7.678700982537115e-10,8.083502720838012e-10,8.510751739826467e-10,8.922621403951702e-10,9.511251926026527e-10] 0.69941807 0.019242227 1.5751741 0.031956494 1.8761548 0.06396788
5795 34.8874892 -5.5271783 -1.0 17 2.4015934 13.862051 0.009280976 3828.055752116374 45020.33785230743 2.4015934 13.862051 0.009280976 2.3870194 0.00989684 2.3870194 13.96243 2.2954328 2.3529718 2.4042273 2.4484582 2.484956 1.5606385 0.0693652 2.6410828 0.47112656 3.4949543 0.38814008 7.570911 0.64784527 19422.17656877233 24064976443.805504 11908604943.3197 14.727840389298859 87737931095.48248 0.0 0.9476690928070806 -99.0 0.49485213381063 [1.2397831959056218,1.3161631213861165,1.3777556514705434,1.464630205655592,1.5088622879132756] [9925539795.436209,11008182564.17064,12667492718.74533,14963432643.891157,17804036942.548317] [39374987939.991295,67300783798.25227,88128071864.44473,117373555309.54788,147808909964.3147] [6.636091875400436,10.601448249785667,14.415839630803557,19.332234632717977,25.41390594308041] [0.7132359232166693,0.8081347762868741,1.025087741015919,1.446481564156629,1.6805299540164187] [4.106897806465389e-10,7.592408822127446e-10,1.1240436728176603e-09,1.5946127790738416e-09,2.3628080738632485e-09] 0.8576297 0.040403455 2.7109318 0.52610457 4.5418625 0.3805015
116057 34.1864587 -5.1149551 0.5476 24 0.5517076 40.957443 0.00048888894 3828.055752116374 79157.48615416403 0.5476 41.271423 0.0008473398 0.5526301 0.0004936657 0.5526301 41.00371 0.5376216 0.5461476 0.5527131 0.5584825 0.5662461 2.184175 0.035974383 3.7313786 0.04098928 4.892236 0.043827295 9.742298 0.19016647 3160.4409211797497 1960534674.739715 1325535679.6886783 0.6789365570319004 3473462880.969135 0.0 0.4538190533386097 -99.0 0.6761092760905437 [1.1570434683875106,1.266538405549156,1.3670653528972427,1.4901385391329143,1.5285769491566203] [1151675542.4286675,1411750243.7893374,1775039019.812507,2204023025.5639176,2645851918.1392674] [2637544860.6655426,2986267539.0090475,3372946237.9260883,4033284283.9797544,4669847561.914074] [0.5042211413655258,0.5611366494983497,0.6457647402663795,0.7379462431242608,0.8445181046006072] [0.3059309206416325,0.36957198218623083,0.4335855392927016,0.5431376647008352,0.6496031536770112] [2.0706397168824067e-10,2.609267404743624e-10,3.827884969713231e-10,4.801376264650161e-10,6.687158351479857e-10] 1.3927822 0.01686728 3.864905 0.10954809 6.5511646 0.21272969
20664 34.4968257 -5.4704121 -1.0 23 0.69599324 31.33152 0.002114606 4447.9638671972125 79157.48615416403 0.69599324 31.33152 0.002114606 0.69884795 0.0023491562 0.69884795 32.370045 0.65258497 0.67969257 0.6965645 0.70416963 0.7155366 1.9043233 0.040272295 5.7115617 0.07588434 10.872142 0.07548094 34.631847 0.5069752 4229.694263878784 7120975091.161004 19013153509.20565 0.5242217070510187 4692204612.33636 0.0 0.4409474788858527 -99.0 2.670021066750529 [0.7359028923827263,0.7826150088932302,0.8245547535986331,0.8437626720297976,0.8503489909182377] [17791459976.52538,18244225921.470722,19016869654.186447,21124621676.72978,23625115110.652687] [1617607081.8793125,2359515433.124069,4401371814.080616,6598584071.176539,8385208570.688903] [0.00972950963610505,0.09777462922452948,0.4396683451898886,0.8228518256956154,1.1130126167280847] [0.3919681598427668,0.42129907539876654,0.4473614322598155,0.48857333411926607,0.5218899077663741] [5.314098655090243e-13,5.131812859526027e-12,2.3146292751635122e-11,3.958180864743865e-11,5.365372547528872e-11] 0.5463642 0.031149656 6.625766 0.08129597 18.81319 0.2168951
