diffhtwo/experimental/data/feniks_test_data/feniks_zout_selected_for_testing.ecsv
# %ECSV 1.0
# ---
# datatype:
# - {name: id, datatype: int64}
# - {name: ra, datatype: float64}
# - {name: dec, datatype: float64}
# - {name: z_spec, datatype: float64}
# - {name: nusefilt, datatype: int64}
# - {name: z_ml, datatype: float32}
# - {name: z_ml_chi2, datatype: float32}
# - {name: z_ml_risk, datatype: float32}
# - {name: lc_min, datatype: float64, format: .1f}
# - {name: lc_max, datatype: float64, format: .1f}
# - {name: z_phot, datatype: float32}
# - {name: z_phot_chi2, datatype: float32}
# - {name: z_phot_risk, datatype: float32}
# - {name: z_min_risk, datatype: float32}
# - {name: min_risk, datatype: float32}
# - {name: z_raw_chi2, datatype: float32}
# - {name: raw_chi2, datatype: float32, format: 8.4f}
# - {name: z025, datatype: float32, format: 8.4f}
# - {name: z160, datatype: float32, format: 8.4f}
# - {name: z500, datatype: float32, format: 8.4f}
# - {name: z840, datatype: float32, format: 8.4f}
# - {name: z975, datatype: float32, format: 8.4f}
# - {name: restU, datatype: float32, format: .3f}
# - {name: restU_err, datatype: float32, format: .3f}
# - {name: restB, datatype: float32, format: .3f}
# - {name: restB_err, datatype: float32, format: .3f}
# - {name: restV, datatype: float32, format: .3f}
# - {name: restV_err, datatype: float32, format: .3f}
# - {name: restJ, datatype: float32, format: .3f}
# - {name: restJ_err, datatype: float32, format: .3f}
# - {name: dL, unit: Mpc, datatype: float64, format: .1e}
# - {name: Lv, unit: solLum, datatype: float64, format: .2e}
# - {name: mass, unit: solMass, datatype: float64, format: .2e}
# - {name: sfr, unit: solMass / yr, datatype: float64, format: .3f, description: SFR over last 100 Myr}
# - {name: LIR, unit: solLum, datatype: float64, format: .2e, description: IR luminosity = energy_abs}
# - {name: energy_abs, unit: solLum, datatype: float64, format: .2e}
# - {name: Av, datatype: float64, format: .2f}
# - {name: lw_age_V, unit: Gyr, datatype: float64, format: .2f}
# - {name: MLv, unit: solMass / solLum, datatype: float64, format: .2f}
# - {name: Lv_p, unit: solLum, datatype: string, format: .2e, subtype: 'float64[5]'}
# - {name: mass_p, unit: solMass, datatype: string, format: .2e, subtype: 'float64[5]'}
# - {name: LIR_p, unit: solLum, datatype: string, format: .2e, subtype: 'float64[5]'}
# - {name: sfr_p, unit: solMass / yr, datatype: string, format: .3f, subtype: 'float64[5]'}
# - {name: Av_p, datatype: string, format: .2f, subtype: 'float64[5]'}
# - {name: ssfr_p, unit: 1 / yr, datatype: string, format: .2e, subtype: 'float64[5]'}
# - {name: rest414, datatype: float32, format: .3f}
# - {name: rest414_err, datatype: float32, format: .3f}
# - {name: rest415, datatype: float32, format: .3f}
# - {name: rest415_err, datatype: float32, format: .3f}
# - {name: rest416, datatype: float32, format: .3f}
# - {name: rest416_err, datatype: float32, format: .3f}
# meta: !!omap
# - version: !!python/tuple [0.6.3, Eazy-py version]
# - prior: !!python/tuple [true, Prior applied (templates/prior_K_TAO.dat)]
# - betprior: !!python/tuple [true, Beta prior applied]
# - fitter: !!python/tuple [nnls, Optimization method for template fits]
# - {SYS_ERR: 0.01}
# - {TEMP_ERR_FILE: templates/template_error_10.def}
# - {TEMP_ERR_A2: 0.2}
# - {PRIOR_FILTER: 265.0}
# - {PRIOR_ABZP: 25.0}
# - {IGM_SCALE_TAU: 1.0}
# - {APPLY_IGM: y}
[...]
# - ZP259: !!python/tuple [1.009998, ZP offset in filter 259 (fcol_VIDEO_Ks)]
# - ZP265: !!python/tuple [1.0, ZP offset in filter 265 (fcol_UDS_K)]
# - ZP18: !!python/tuple [1.004935, ZP offset in filter 18 (fcol_ch1)]
# - ZP19: !!python/tuple [1.020487, ZP offset in filter 19 (fcol_ch2)]
# - ZP20: !!python/tuple [0.873884, ZP offset in filter 20 (fcol_ch3)]
# - ZP21: !!python/tuple [0.911839, ZP offset in filter 21 (fcol_ch4)]
# - FNUSCALE: !!python/tuple [3.630780547701009e-30, Scale factor to f-nu CGS]
# - COSMOL: !!python/tuple [null, Cosmological model]
# - COS_OM: !!python/tuple [0.3, Omega matter]
# - COS_OL: !!python/tuple [0.7, Omega lambda]
# - COS_H0: !!python/tuple [70.0, Hubble constant]
# - RF_PADW: !!python/tuple [0.5, pad_width for RF fluxes]
# - RF_PADM: !!python/tuple [2, max_err for RF fluxes]
# - name414: !!python/tuple [synthetic_u, Filter name]
# - pivot414: !!python/tuple [2897.6857795148794, 'Pivot wavelength, Angstrom']
# - name415: !!python/tuple [synthetic_g, Filter name]
# - pivot415: !!python/tuple [4498.510075460355, 'Pivot wavelength, Angstrom']
# - name416: !!python/tuple [synthetic_i, Filter name]
# - pivot416: !!python/tuple [7494.424634848719, 'Pivot wavelength, Angstrom']
# schema: astropy-2.0
id ra dec z_spec nusefilt z_ml z_ml_chi2 z_ml_risk lc_min lc_max z_phot z_phot_chi2 z_phot_risk z_min_risk min_risk z_raw_chi2 raw_chi2 z025 z160 z500 z840 z975 restU restU_err restB restB_err restV restV_err restJ restJ_err dL Lv mass sfr LIR energy_abs Av lw_age_V MLv Lv_p mass_p LIR_p sfr_p Av_p ssfr_p rest414 rest414_err rest415 rest415_err rest416 rest416_err
[from data line 87]
210466 34.8898271 -4.7595195 0.5996 22 1.0636393 51.564125 0.0009820196 3828.055752116374 45020.33785230743 0.5996 1372.8798 0.686398 1.0543312 0.0003676006 1.0543312 50.338604 1.0508649 1.0544932 1.0789579 1.0852903 1.0903383 1.201947 0.087563574 2.972223 0.039625645 8.987309 0.05333662 45.10829 0.8179722 3527.194906040773 4340179697.248765 22184572889.539234 0.6441887629427865 4994885686.062616 0.0 1.2583675979992897 -99.0 5.1114411008378315 [0.5819551151623572,0.5848145801330861,0.5879489018972444,0.5909444216544008,0.5929615676313588] [21892324652.778,22040047749.286846,22159900132.129272,22303116077.01344,22492745023.24337] [4930681682.206427,4963322565.248154,4992026739.485939,5031109905.651165,5053982535.3911085] [0.6224885825635798,0.6307472995929753,0.6450529903027051,0.6595506769864764,0.6714615927150799] [1.2262393978615471,1.242716846830646,1.2573609779436514,1.2770527700412737,1.2862077044578566] [2.7813030558951004e-11,2.8308069014173763e-11,2.912597185599756e-11,2.9916361119022764e-11,3.040467140836888e-11] 0.6114505 0.011357844 3.3763034 0.08161509 20.045687 0.2489996
69608 34.5658197 -5.2878651 -1.0 16 0.28875878 50.470573 0.07931669 3828.055752116374 79157.48615416403 0.28875878 50.470573 0.07931669 0.3230641 0.06241365 0.28396165 51.511417 0.27940843 0.28530696 0.29856318 0.40357688 0.41802484 1.707642 0.022599101 2.9570718 0.043477654 4.371902 0.095820904 7.185126 0.15461612 1485.8766787052218 465044865.1026099 380855279.9208179 0.11335666428412149 229360752.66280589 0.0 0.11061651516442833 -99.0 0.8189645956778473 [1.4666554743937847,1.4747887383081932,1.4822183787398306,1.49039905157541,1.4998500813471598] [370404087.13166636,376677609.9323219,381741516.5161519,386790891.970344,391653087.68883735] [211328414.02318427,222031255.9327868,228530444.00001633,234959233.16018617,243373106.00221193] [0.10190580785157856,0.10869671214514076,0.11289839323469014,0.11668153886197917,0.12220001801606846] [0.1099571701727331,0.11034283319797944,0.11066920550166008,0.11098567535013307,0.11132731802329451] [2.676780696809633e-10,2.8508349618991205e-10,2.9614975736738254e-10,3.047771687318103e-10,3.181679960134167e-10] 1.064541 0.035102785 3.1605449 0.058998108 5.9751143 0.57892776
193151 34.8319116 -4.830612 -1.0 24 0.8188585 34.456524 0.00014161934 3828.055752116374 79157.48615416403 0.8188585 34.456524 0.00014161934 0.8220283 6.121699e-06 0.8220283 27.917534 0.8185654 0.819718 0.82253885 0.82503974 0.8281037 0.96688354 0.016866803 1.521822 0.019301772 2.1206682 0.057222128 4.261756 0.120431185 5163.408742394884 1930088984.5508573 1079323409.151312 1.5581745400613534 8188564440.163086 0.0 0.770148885202225 -99.0 0.5592091441330498 [1.2642548697544604,1.3008439392994655,1.336112114629601,1.3936172479890114,1.4334520903680286] [734016940.3882576,850745839.4782972,1044034982.823533,1177017948.0467324,1279489261.7995033] [5951218077.727941,6835456024.631082,7883124261.7411785,9741944903.031292,11101643021.29525] [1.2469479884540855,1.3540739897191945,1.5094659999368836,1.736214896083041,1.912326742032414] [0.5712254442907849,0.6451369213915755,0.7347231936924941,0.9206545168314525,1.0339975667324814] [9.857576185966245e-10,1.1796311345426349e-09,1.4490629049724482e-09,2.0491448408357323e-09,2.5995604546394846e-09] 0.5290622 0.015055984 1.5463023 0.035092175 2.751856 0.28832138
126984 34.2702979 -5.0762897 -1.0 24 0.6535115 51.62056 0.00043517575 3828.055752116374 79157.48615416403 0.6535115 51.62056 0.00043517575 0.6486394 6.65319e-05 0.6486394 76.22328 0.6455188 0.64645517 0.64881355 0.65117186 0.67876816 7.0046387 0.06966615 10.218426 0.23634481 12.4848 0.091711044 20.976753 0.7758522 3916.6219690853595 7191643678.475421 3210200628.490585 2.585459266122921 11714945495.995905 0.0 0.4812322441193894 -99.0 0.4463792662724254 [1.613265318694118,1.6813182982723986,1.732068174946369,1.760401800769083,1.7932270755988535] [2902156733.909533,3083349752.0874925,3394123785.1593904,3792954698.796485,4442189856.156879] [9104457060.704014,10370399325.683643,11667662615.872108,12944158145.050192,14248106549.558893] [2.160818799597586,2.3354646638274854,2.5915380511954513,2.8421374015943996,3.125138891809309] [0.31545263565551895,0.3701067035621788,0.48530978656551294,0.5623839875543215,0.6380452584242048] [5.680888837237725e-10,6.522904416717284e-10,7.625981279790565e-10,8.596849487393802e-10,1.071436624494819e-09] 4.52281 0.07892156 10.483911 0.21644592 15.136398 0.18516254
101647 34.2279056 -5.1691475 -1.0 24 1.4267683 30.426382 0.015067177 3828.055752116374 79157.48615416403 1.4267683 30.426382 0.015067177 1.459481 0.013169911 1.4350086 29.748228 1.3987434 1.4158332 1.4347931 1.5307655 1.5640217 0.67035365 0.020971835 1.1292315 0.069488585 1.5429205 0.10524893 6.134419 0.29567218 10254.64104818541 4151323993.169243 3745170588.926872 2.6790583375324784 14118305602.028488 0.0 1.4478974021755884 -99.0 0.9021629232238504 [1.242217021101368,1.2801062123901235,1.3744968708701772,1.45925262031293,1.532516785600627] [3334517652.9647098,3528173345.0386796,3709120305.0428457,3837306826.0703926,4048878044.707631] [8501194125.997266,10965480930.442938,14424154615.894218,19214282485.97871,21084338530.2052] [1.54779336201917,2.081185424256765,2.7037051738791655,3.717026130643206,3.9847501278972834] [1.333103134451708,1.3933794466952945,1.4342908491907491,1.4890902657054184,1.5158992341704547] [4.421043839458536e-10,5.658792495566583e-10,7.255574176200076e-10,9.659087253025738e-10,1.085987424047343e-09] 0.42816952 0.011577725 1.1559356 0.115977466 2.4738154 0.1005553
14234 34.2644791 -5.495347 -1.0 11 0.85966915 4.576439 0.051697727 3828.055752116374 79157.48615416403 0.85966915 4.576439 0.051697727 0.84033996 0.0446559 0.8588357 4.5465503 0.7290159 0.768495 0.8370578 0.8978227 0.9560287 0.39935178 1.4373976 1.5872835 0.7539718 3.375931 1.5053529 13.333275 0.3094735 5482.123539112627 3387552250.280984 11592098215.359343 1.9196806886875888 15039990934.459858 0.0 1.2810928656434242 -99.0 3.421968831446902 [0.5567206243191134,0.5845833918906925,0.6413955610914647,0.6700642503446415,0.6834203503464594] [9908696178.343378,10716965882.471514,11576885070.595984,12112502859.279428,12500921631.48005] [7250907576.9353895,8429730550.471872,14638347469.487715,21479621668.94561,24121823335.952568] [0.8924009137641177,1.0648258927984848,1.9328214510795414,2.8405889637557213,3.1930539837122818] [0.9696902187259661,1.1094234385663881,1.2225216224613589,1.3367660814079074,1.440168077540733] [7.400499082644569e-11,8.99523369936474e-11,1.6165051575355021e-10,2.5469849790059275e-10,2.9909960058279445e-10] 0.15097202 0.15336998 1.8815039 0.94398135 6.471376 0.8012099
182006 34.8743403 -4.8746573 -1.0 24 2.8592403 87.03208 0.0005029969 3828.055752116374 79157.48615416403 2.8592403 87.03208 0.0005029969 2.857234 0.00050428876 2.857234 87.076096 2.8259084 2.8448558 2.859805 2.87513 2.8962514 3.5388243 0.079319715 4.762058 0.12006426 5.3650303 0.4466169 6.183484 0.73127747 23987.895555909243 49668968432.14245 10255581555.244814 23.34705760954299 96660129265.2673 0.0 0.25632037327137314 -99.0 0.20647865013053268 [1.8913605621118594,1.9099206927753243,1.9290496622200393,1.967232131119666,2.007385571684617] [10057337112.921099,10108971962.889364,10337153857.731379,10966681599.755716,11655940607.894314] [70930808317.19951,83759394635.65967,96887903217.48215,101424632830.96664,103910194584.0026] [18.768766483768854,21.079801141320235,23.43024842800213,23.93200602599691,23.966252789256377] [0.20011205567500487,0.2289984213202948,0.2566459427364335,0.2665966211858572,0.2726972120450909] [1.6103150405020849e-09,1.9219702772712785e-09,2.283019208405926e-09,2.364979549833342e-09,2.380616963990834e-09] 2.5553224 0.05040872 4.701783 0.16732407 5.2744946 0.32114935
98394 34.1713477 -5.1798566 -1.0 22 1.1315447 13.09394 0.0053525735 3828.055752116374 79157.48615416403 1.1315447 13.09394 0.0053525735 1.1168948 0.0060199797 1.13817 13.1634865 1.0767677 1.1028003 1.1278522 1.1486328 1.1671425 1.5900209 0.02327019 2.490985 0.03665638 3.063358 0.07579756 5.475332 0.20852876 7698.426020377032 5288563509.193309 1952555969.0326316 3.15979189900693 15648857395.95171 0.0 0.7427130530269233 -99.0 0.36920346435065593 [1.3050826755754432,1.3716117283748015,1.4888417282857556,1.5959300040039086,1.6518802685750391] [2022032321.027037,2523338011.4555206,2917985873.2657194,3594599385.7124615,3999467034.22929] [7239419948.826761,8552242341.48652,11293109402.412918,15537229121.861675,19269756571.903595] [1.3263917285549744,1.6150077184894376,2.1027897322058173,2.908056542086339,3.4472871485569887] [0.45569355306095577,0.5872316868134684,0.8048377909927563,1.0873476560883368,1.3077441188668792] [4.038755970109272e-10,5.167462431688713e-10,6.809401387453477e-10,1.124350329903954e-09,1.5608952507361643e-09] 1.0023674 0.024885923 2.514495 0.06825805 3.8261025 0.12407172
219242 34.6159197 -4.7277123 0.5294 24 0.51928747 24.402693 0.0001511296 3828.055752116374 79157.48615416403 0.5294 31.335289 0.0011464924 0.521886 3.25723e-05 0.521886 24.752197 0.51182175 0.5162024 0.52000093 0.5236509 0.52704287 9.063306 0.16720629 18.179546 0.21667671 28.053705 0.25766087 80.70711 0.73755646 3034.240467005301 10485753882.692663 13468249517.977863 4.227960641817791 25635196931.715755 0.0 0.9954161600967716 -99.0 1.2844331145524959 [1.1230530106349284,1.1425903410785856,1.1589046896367363,1.175562123230381,1.18970940050424] [12493529379.846918,12976838582.773441,13472232476.653255,13936569291.952133,14436575356.990244] [20555533460.67273,23134996269.296497,24871623903.95024,26994514361.52413,29927847562.650898] [3.4051582909208604,3.774119836343408,4.109344835879431,4.413804330790328,4.9538373587113504] [0.8689008323147932,0.9332889107287324,0.9995581693460596,1.0440522942989678,1.087419485951476] [2.5372338503059996e-10,2.793358464937056e-10,3.0827278864392453e-10,3.3466799895034686e-10,3.547170269290322e-10] 4.7784114 0.07150626 19.787987 0.7702532 44.564857 1.4975948
122137 34.5479153 -5.0949128 -1.0 24 2.3988392 16.09796 0.008091457 3828.055752116374 79157.48615416403 2.3988392 16.09796 0.008091457 2.4210596 0.00900781 2.3870194 16.225266 2.3408809 2.3701503 2.4009228 2.4364169 2.50345 1.3120297 0.0579592 1.9543383 0.26188624 2.333308 0.18255472 3.5740337 0.31534052 19395.11383318018 16034542748.557224 6142231471.260476 1.4617605414517276 7731613360.141458 0.0 0.23436632000333124 -99.0 0.38306246505302743 [1.959548196299092,1.9736698065070895,1.9900540767764636,2.007124971428915,2.016434678497925] [5710162788.950113,5859996540.907572,6190556511.30026,6471530952.553094,6661815983.160119] [6215115299.459872,6816873296.322533,7526508288.748993,8503479414.3474865,9315533693.551735] [1.1027795696774785,1.253206335447296,1.429874784035846,1.6269962405305365,1.8093961925151614] [0.09624896938397233,0.14392546303781154,0.23898396598998595,0.3259318874679465,0.38415151439174666] [1.8365629815517268e-10,1.9926935323772267e-10,2.336105466471983e-10,2.609634286970278e-10,2.891363064862676e-10] 0.8207278 0.03774059 2.01467 0.3025328 2.891587 0.2706306
1213 34.8948448 -5.5355297 -1.0 17 0.25642437 34.33619 0.002986157 3828.055752116374 45020.33785230743 0.25642437 34.33619 0.002986157 0.2585375 0.003068768 0.2585375 34.442417 0.23757228 0.24698496 0.25690338 0.26757264 0.27634737 1.7836409 0.17442119 4.3804164 1.3165709 7.1566067 0.3054316 23.478573 0.34096432 1297.0644971269455 595010200.2104213 994588014.3513148 0.01887482105968768 190759216.97937796 0.0 0.7829061890971368 -99.0 1.6715478390111387 [1.063520603390271,1.078145122598961,1.1072344791249704,1.1431159690943349,1.1908646732508987] [897523736.1234413,947659297.9467636,998994791.8337021,1032728980.0372517,1058142317.034658] [145434953.5775769,172399153.25726977,213438354.19604272,258805418.46932024,368514621.85804725] [0.0013284043926896519,0.009914838762732563,0.02362764068382073,0.04023747531230955,0.05258909744587526] [0.7497369776638498,0.7734231973707296,0.8064876118594626,0.8476583026150964,0.9058131218380936] [1.366471292070409e-12,1.0849742955813825e-11,2.3593675284328887e-11,4.0232704443257536e-11,5.205393034535816e-11] 0.7795811 0.7561045 4.845566 1.4304117 12.326269 0.1059041
132939 34.36148 -5.0543735 -1.0 24 0.1028538 294.22513 0.011959764 3828.055752116374 79157.48615416403 0.1028538 294.22513 0.011959764 0.094119936 0.0085126655 0.105116025 294.83755 0.068590835 0.074091375 0.09902549 0.10695478 0.113598935 0.47843602 0.02335313 1.3922462 0.022773564 2.8810217 0.035060644 9.413558 0.3340974 474.3386635065152 36495232.7941382 95561728.10730085 0.004792791419005208 48172734.21562869 0.0 0.6842267287752599 -99.0 2.618471531510543 [0.7542458224487544,0.7655667691224153,0.7775088284285661,0.7851805976130247,0.7915976569380023] [93509174.55927452,94831422.11640424,97216867.05132118,99822141.11902049,102769036.67717668] [31402115.63333821,38250488.9986965,45598130.067881115,55087084.061315,64034518.47094328] [0.0025117256517043704,0.0035016451424633526,0.004487191827739947,0.005742098470366995,0.007177458697905954] [0.5705213358399159,0.605400374014101,0.6576224259024241,0.7179684892150688,0.7477441663880424] [2.548693551078968e-11,3.569789738576284e-11,4.5982587634420485e-11,6.005814581310937e-11,7.188730301424179e-11] 0.14756666 0.098139785 1.5726001 0.044304073 5.2644515 0.04877019
76860 34.3492862 -5.2609942 1.5332 24 1.5205721 32.82241 0.0010111517 3828.055752116374 79157.48615416403 1.5332 34.423557 0.0032228825 1.5091658 0.0009266763 1.5091658 31.962206 1.5047779 1.5092192 1.5174065 1.5403955 1.5474589 1.8288671 0.03067559 3.3678958 0.10009456 4.8025527 0.61936617 13.81073 1.1936355 11207.039238579138 14784781030.940828 9560991727.502039 14.55078792778624 91827965799.70514 0.0 1.3195227286354194 -99.0 0.646677939124921 [1.03051590592716,1.049548511122572,1.0902561143062095,1.1444570545484305,1.2056878731826444] [8944347815.557587,9258651905.545021,9557405646.052597,9806432592.623535,9970105010.84864] [67462023914.49407,80456674224.40387,92595495181.3756,103315745211.66946,106285857765.11246] [10.183903782092974,12.49775154995198,14.699767784690243,16.815622138652348,17.150862232326308] [1.2692227134248708,1.2978421892644496,1.3165237042859204,1.337850440036671,1.3546743470209797] [1.0562470140181434e-09,1.3030982028887569e-09,1.5471381939227213e-09,1.7460147635244823e-09,1.8966354736470266e-09] 0.98487127 0.023256749 3.46283 0.12038493 7.4192486 0.18453121
110248 34.3963309 -5.1381407 -1.0 24 0.99090314 32.192703 0.0070670107 3828.055752116374 79157.48615416403 0.99090314 32.192703 0.0070670107 0.9936165 0.007525004 0.9936165 32.09623 0.9001334 0.96666276 0.9885244 0.99970496 1.0181547 0.6149687 0.014513612 0.9707826 0.02222526 1.1160803 0.066906035 2.2801547 0.1533755 6532.951804162617 1485575376.92867 681373609.9620793 0.34759312843181545 821987813.3464973 0.0 0.7593913914383754 -99.0 0.45865973584644 [1.877730491966308,1.955523056943444,2.023610104580788,2.080453913598191,2.0983793816777023] [590387910.5495816,616676880.2033377,652751321.1744759,684447138.8626544,711345418.3813844] [676459975.6412523,706078943.6737156,884953683.4461257,1548083397.4541657,2223399980.416891] [0.3123920598808415,0.32579696690714915,0.3627232900212113,0.46824115614960904,0.5725934928879391] [0.5700197658390875,0.6399762851027364,0.7486163966280986,0.805316592999606,0.8418551890521702] [4.736281033267321e-10,5.022308544201261e-10,5.502018195240042e-10,7.246004317976395e-10,9.199973878759438e-10] 0.4440985 0.012120709 0.9808037 0.027942836 1.3567655 0.1415714
