diffhtwo/experimental/data/feniks_test_data/feniks_zout_selected_for_testing.ecsv
# %ECSV 1.0
# ---
# datatype:
# - {name: id, datatype: int64}
# - {name: ra, datatype: float64}
# - {name: dec, datatype: float64}
# - {name: z_spec, datatype: float64}
# - {name: nusefilt, datatype: int64}
# - {name: z_ml, datatype: float32}
# - {name: z_ml_chi2, datatype: float32}
# - {name: z_ml_risk, datatype: float32}
# - {name: lc_min, datatype: float64, format: .1f}
# - {name: lc_max, datatype: float64, format: .1f}
# - {name: z_phot, datatype: float32}
# - {name: z_phot_chi2, datatype: float32}
# - {name: z_phot_risk, datatype: float32}
# - {name: z_min_risk, datatype: float32}
# - {name: min_risk, datatype: float32}
# - {name: z_raw_chi2, datatype: float32}
# - {name: raw_chi2, datatype: float32, format: 8.4f}
# - {name: z025, datatype: float32, format: 8.4f}
# - {name: z160, datatype: float32, format: 8.4f}
# - {name: z500, datatype: float32, format: 8.4f}
# - {name: z840, datatype: float32, format: 8.4f}
# - {name: z975, datatype: float32, format: 8.4f}
# - {name: restU, datatype: float32, format: .3f}
# - {name: restU_err, datatype: float32, format: .3f}
# - {name: restB, datatype: float32, format: .3f}
# - {name: restB_err, datatype: float32, format: .3f}
# - {name: restV, datatype: float32, format: .3f}
# - {name: restV_err, datatype: float32, format: .3f}
# - {name: restJ, datatype: float32, format: .3f}
# - {name: restJ_err, datatype: float32, format: .3f}
# - {name: dL, unit: Mpc, datatype: float64, format: .1e}
# - {name: Lv, unit: solLum, datatype: float64, format: .2e}
# - {name: mass, unit: solMass, datatype: float64, format: .2e}
# - {name: sfr, unit: solMass / yr, datatype: float64, format: .3f, description: SFR over last 100 Myr}
# - {name: LIR, unit: solLum, datatype: float64, format: .2e, description: IR luminosity = energy_abs}
# - {name: energy_abs, unit: solLum, datatype: float64, format: .2e}
# - {name: Av, datatype: float64, format: .2f}
# - {name: lw_age_V, unit: Gyr, datatype: float64, format: .2f}
# - {name: MLv, unit: solMass / solLum, datatype: float64, format: .2f}
# - {name: Lv_p, unit: solLum, datatype: string, format: .2e, subtype: 'float64[5]'}
# - {name: mass_p, unit: solMass, datatype: string, format: .2e, subtype: 'float64[5]'}
# - {name: LIR_p, unit: solLum, datatype: string, format: .2e, subtype: 'float64[5]'}
# - {name: sfr_p, unit: solMass / yr, datatype: string, format: .3f, subtype: 'float64[5]'}
# - {name: Av_p, datatype: string, format: .2f, subtype: 'float64[5]'}
# - {name: ssfr_p, unit: 1 / yr, datatype: string, format: .2e, subtype: 'float64[5]'}
# - {name: rest414, datatype: float32, format: .3f}
# - {name: rest414_err, datatype: float32, format: .3f}
# - {name: rest415, datatype: float32, format: .3f}
# - {name: rest415_err, datatype: float32, format: .3f}
# - {name: rest416, datatype: float32, format: .3f}
# - {name: rest416_err, datatype: float32, format: .3f}
# meta: !!omap
# - version: !!python/tuple [0.6.3, Eazy-py version]
# - prior: !!python/tuple [true, Prior applied (templates/prior_K_TAO.dat)]
# - betprior: !!python/tuple [true, Beta prior applied]
# - fitter: !!python/tuple [nnls, Optimization method for template fits]
# - {SYS_ERR: 0.01}
# - {TEMP_ERR_FILE: templates/template_error_10.def}
# - {TEMP_ERR_A2: 0.2}
# - {PRIOR_FILTER: 265.0}
# - {PRIOR_ABZP: 25.0}
# - {IGM_SCALE_TAU: 1.0}
# - {APPLY_IGM: y}
[...]
# - ZP259: !!python/tuple [1.009998, ZP offset in filter 259 (fcol_VIDEO_Ks)]
# - ZP265: !!python/tuple [1.0, ZP offset in filter 265 (fcol_UDS_K)]
# - ZP18: !!python/tuple [1.004935, ZP offset in filter 18 (fcol_ch1)]
# - ZP19: !!python/tuple [1.020487, ZP offset in filter 19 (fcol_ch2)]
# - ZP20: !!python/tuple [0.873884, ZP offset in filter 20 (fcol_ch3)]
# - ZP21: !!python/tuple [0.911839, ZP offset in filter 21 (fcol_ch4)]
# - FNUSCALE: !!python/tuple [3.630780547701009e-30, Scale factor to f-nu CGS]
# - COSMOL: !!python/tuple [null, Cosmological model]
# - COS_OM: !!python/tuple [0.3, Omega matter]
# - COS_OL: !!python/tuple [0.7, Omega lambda]
# - COS_H0: !!python/tuple [70.0, Hubble constant]
# - RF_PADW: !!python/tuple [0.5, pad_width for RF fluxes]
# - RF_PADM: !!python/tuple [2, max_err for RF fluxes]
# - name414: !!python/tuple [synthetic_u, Filter name]
# - pivot414: !!python/tuple [2897.6857795148794, 'Pivot wavelength, Angstrom']
# - name415: !!python/tuple [synthetic_g, Filter name]
# - pivot415: !!python/tuple [4498.510075460355, 'Pivot wavelength, Angstrom']
# - name416: !!python/tuple [synthetic_i, Filter name]
# - pivot416: !!python/tuple [7494.424634848719, 'Pivot wavelength, Angstrom']
# schema: astropy-2.0
id ra dec z_spec nusefilt z_ml z_ml_chi2 z_ml_risk lc_min lc_max z_phot z_phot_chi2 z_phot_risk z_min_risk min_risk z_raw_chi2 raw_chi2 z025 z160 z500 z840 z975 restU restU_err restB restB_err restV restV_err restJ restJ_err dL Lv mass sfr LIR energy_abs Av lw_age_V MLv Lv_p mass_p LIR_p sfr_p Av_p ssfr_p rest414 rest414_err rest415 rest415_err rest416 rest416_err
[from data line 87]
107466 34.1689291 -5.1477122 -1.0 23 1.4198364 11.988729 0.0009443718 3828.055752116374 79157.48615416403 1.4198364 11.988729 0.0009443718 1.41078 0.0012391899 1.41078 12.52298 1.396993 1.4015396 1.4054896 1.4100465 1.4339774 1.9492581 0.02680248 2.9939187 0.096027255 3.6490896 0.23589611 5.5280185 0.32402968 10193.132146837328 9728465110.365047 3478689569.868051 4.260911924524092 18926887967.97822 0.0 0.383338022348752 -99.0 0.3575784597471325 [1.6988310645426332,1.7330040910434499,1.780326254497144,1.817496995597158,1.8658416540828737] [2772036401.3898177,3035266963.3782773,3402390438.3474655,4139313445.446694,4595399480.627217] [12735049545.599453,15717931048.38644,19467103412.3693,23478826797.696045,25252321386.07556] [3.1031194995651723,3.5477848626343236,4.3415735776085365,5.087185108721343,5.602826459647354] [0.2849431463872204,0.32281186796523387,0.4009204362081201,0.493135075728673,0.589637135464558] [7.123300104429119e-10,8.980361239445039e-10,1.2689407540344152e-09,1.5841863365922892e-09,1.951831706078204e-09] 1.3206061 0.025874734 3.0472898 0.106310844 4.336198 0.49056017
91920 34.1788368 -5.2023727 0.8093 16 0.7640729 5.7703667 0.0012218461 3828.055752116374 79157.48615416403 0.8093 25.57905 0.029269312 0.76817924 0.0014484585 0.76817924 5.6742477 0.7443628 0.75431323 0.7639896 0.77309155 0.78242624 5.2641478 0.37051487 11.853946 1.8490396 19.618235 0.17919827 48.022884 0.40955353 5089.351933410879 17438327259.659298 24637074654.538914 3.2864939675858604 21737075943.354786 0.0 0.3608636474031559 -99.0 1.4128118074451288 [1.055058167783144,1.0856004868416582,1.1238840417931157,1.1635204716412424,1.1921767808025059] [22303021162.762184,23109145608.180573,24813426038.2653,26579807522.595238,28461013844.346817] [11801114375.09308,15702684512.795267,19954856847.110558,23925215257.10681,26979425500.751335] [1.5495896581635573,2.206360546612328,2.9548365855001553,3.650675142705381,4.255959006036813] [0.23648275484022913,0.2939011424400059,0.3400864671607938,0.38898924995715295,0.41527549486552123] [6.469257899766768e-11,8.742549436388435e-11,1.1967882639434148e-10,1.4564762272979146e-10,1.724597640422555e-10] 2.184202 0.49508166 13.063996 1.279633 30.246643 2.775816
176813 34.6370494 -4.894251 -1.0 10 0.6336075 5.6852646 0.036933914 5470.120331199217 79157.48615416403 0.6336075 5.6852646 0.036933914 0.61599416 0.034458354 0.63223517 5.678749 0.51705855 0.5733546 0.625142 0.6661836 0.70003736 0.39254737 0.014466852 0.8649126 0.03462383 1.3016268 0.1730786 2.4552624 0.41323173 3771.7942568924113 703825927.6495208 730763075.553481 0.06078302784826325 182957837.84347028 0.0 0.12379028332707763 -99.0 1.0382724575008466 [1.2491468696196761,1.3222561412580465,1.4320131564259708,1.5556399616734575,1.5964913102197382] [444880976.7334671,473514024.49176383,632949518.1516123,737757893.5904654,816678260.3924028] [87884463.37070146,96670318.1124863,201504490.1260985,291681992.8524998,358635313.2538572] [0.0015617137442394257,0.0033349187350041154,0.06396557476853365,0.08608850902007964,0.10657650774833953] [0.10166085482363119,0.10808676932908146,0.11944882590830164,0.39680841155600677,0.5193248020994109] [2.2190706955541043e-12,4.6151695452679196e-12,1.0666833297902256e-10,1.755161565964805e-10,2.1655240971192887e-10] 0.19049753 0.06392403 0.9484751 0.05386603 1.8628078 0.07475662
4975 34.7811311 -5.5311908 -1.0 8 1.6680933 3.3279347 0.49639526 12501.464659314586 57450.28623538123 1.6680933 3.3279347 0.49639526 2.319952 0.41983867 1.6643239 3.3407202 1.4412035 1.6328378 2.2803373 2.859868 3.100421 0.38145873 0.17620556 0.9578213 0.1119861 1.574534 0.06686884 3.8873668 0.33583367 12434.290150188528 5665308887.125809 3519888798.415173 7.018608927691315 42527885332.41818 0.0 1.2213734475942517 -99.0 0.6213057166951623 [0.8567156892996795,0.9748537917489275,1.0738467566328431,1.1849229691322065,1.21148597433245] [3057179449.719003,3245118179.143636,3513525281.0385623,3946970216.85811,4307935328.628066] [36522167808.32383,36857857569.948235,42851764956.67769,50238904723.139854,60865323088.852066] [6.2291471191175525,6.260421364081454,7.0482275952217766,8.031011238806693,9.451081367827015] [1.0976842271606062,1.1538858549386701,1.2313979884194899,1.321142597466691,1.3791748459530861] [1.645642950216719e-09,1.7960811102986565e-09,1.980357286999997e-09,2.325758121330371e-09,2.7683619156823013e-09] 0.15557167 0.22430399 1.0679076 0.08105904 2.2336793 0.093480945
138435 34.5721868 -5.0338313 -1.0 23 0.4551985 35.020252 0.0013211558 4447.9638671972125 79157.48615416403 0.4551985 35.020252 0.0013211558 0.46221197 0.0024203316 0.46221197 36.233234 0.43444893 0.4368096 0.43913025 0.44140685 0.44440034 2.4343061 0.03431773 4.0108657 0.041933894 4.70874 0.041122437 6.4619517 0.1465199 2532.0436684726724 1288117267.0835378 636475427.6578665 0.2568799299698599 530134499.06951714 0.0 0.07426856878502312 -99.0 0.49411295378325937 [1.8439614421156347,1.8891218448306215,1.9110431438046618,1.9284812484518272,1.9389506965868133] [615197666.9777551,626764210.3659993,643541671.9722893,690615393.2153339,749149243.4767957] [464530448.6658392,494426369.97118676,525232274.9745716,561891874.6784377,596443071.8625157] [0.21305675194475066,0.23354566793064677,0.25372176072708486,0.2767521126407204,0.29909895099844774] [0.07315912649004641,0.07370331456994413,0.07509200252667346,0.07808503861020036,0.0828079133827885] [2.8839597914300675e-10,3.479947317056386e-10,3.972027857484806e-10,4.368416690441495e-10,4.755606622018902e-10] 1.6938901 0.044802368 4.091157 0.043551445 5.3580523 0.13081789
171428 34.3748568 -4.9144146 -1.0 24 0.73398656 17.534512 0.004272358 3828.055752116374 79157.48615416403 0.73398656 17.534512 0.004272358 0.73316693 0.0043055657 0.73316693 17.54207 0.70209223 0.71824795 0.73527515 0.7527686 0.77028716 0.6635412 0.016827315 1.1306767 0.02690351 1.3133235 0.034572065 1.8389693 0.073929906 4514.081895106886 958286491.5488882 377415721.704917 0.169964117400839 475122641.9250037 0.0 0.2609991067294794 -99.0 0.3938443513848308 [1.7180399628898704,1.7569891868866034,1.8891345394386767,1.9887279056261211,2.043101528770558] [295334023.7461663,313998827.3387234,350608173.0163964,392266297.2982723,428432084.442168] [363585784.69859326,592131040.8275673,1075784774.5660067,1355228628.4255073,1575987482.570819] [0.15177645801537631,0.2063149074603284,0.2675946617938258,0.323244916810176,0.35492015567027907] [0.18033322493302256,0.22685895347731994,0.2959243920309702,0.3451255730778674,0.38334999257854174] [3.9071215868863226e-10,5.430128668890756e-10,7.439384554090307e-10,9.650917259303389e-10,1.1285991227426528e-09] 0.45040196 0.011214897 1.1620728 0.019443274 1.4944888 0.06424087
101903 34.0457334 -5.1650486 -1.0 21 1.0180613 24.929024 0.0012146863 4447.9638671972125 79157.48615416403 1.0180613 24.929024 0.0012146863 1.0136527 0.0013804792 1.0136527 24.872717 1.0008191 1.0075936 1.0254835 1.0301938 1.0334086 2.258179 0.036830664 7.0100594 0.08103323 14.158167 0.5818696 46.826927 2.002512 6755.012232632629 19877211657.68476 64607466119.927246 1.0967136673553581 10471343730.477585 0.0 0.37375688182729727 -99.0 3.250328427978944 [0.7352752130976501,0.7579020860853314,0.7730034790101852,0.7916998625811064,0.8114391754543318] [51177812227.4849,58234980195.01329,61840308022.132996,64559250678.1304,65861959515.22527] [5176635456.071214,11478031111.644432,16871356532.821825,27878468436.69797,40643136104.82849] [0.3762542587508313,1.2584213175422947,2.254092942781895,3.954162880458145,6.059630260687086] [0.3145814314412042,0.35854131662849004,0.404391052583864,0.48527862898750224,0.5794673635983827] [5.848086896162591e-12,1.9647251334398275e-11,3.620994231378497e-11,6.462064454079803e-11,1.1793128337969596e-10] 0.6161906 0.020178884 8.190912 0.1300497 25.310488 0.75765514
168737 34.8210231 -4.9244559 -1.0 24 0.8604948 20.649033 0.00091405306 3828.055752116374 79157.48615416403 0.8604948 20.649033 0.00091405306 0.8588357 0.0008072924 0.8588357 21.15097 0.8230124 0.85464925 0.8578475 0.8611434 0.86254764 1.2204776 0.040242672 2.0153978 0.023823917 2.3611014 0.07488263 3.0100288 0.098290205 5488.612899808048 2373787809.723452 983942682.2220001 0.4657184947059181 966358144.582861 0.0 0.12750710164769835 -99.0 0.41450321641706894 [1.8707116945603581,1.8968376548592334,1.9284054825295194,1.9557811391983821,1.9819418448566646] [943035412.7823318,958838658.1387842,984379766.4982505,1012010118.782435,1028541174.0954893] [876236027.810801,906754923.6135752,968103772.8368105,1025928211.6032575,1079313465.6938856] [0.40426680332723514,0.4255412854301423,0.468273410299941,0.5061268318765295,0.541796870049048] [0.08565564488214948,0.09217126105396878,0.13232870458452206,0.16352752932187722,0.1860405842389705] [4.1676243046874287e-10,4.4015370133362935e-10,4.721481295015087e-10,5.095638494394041e-10,5.268798773169936e-10] 0.75029474 0.014831066 2.0775723 0.032821655 2.6853087 0.26856327
229361 34.5618291 -4.6932402 -1.0 24 1.5214443 14.401618 0.0012655811 3828.055752116374 79157.48615416403 1.5214443 14.401618 0.0012655811 1.5091658 0.0018101986 1.5091658 14.518006 1.5088596 1.5149739 1.5393494 1.5450978 1.5498378 1.8708729 0.03153479 2.9486678 0.14729202 3.5660846 0.16366243 6.0762787 0.29439092 11101.127407997921 10821985991.371824 3250322235.8683057 8.089900537360908 41211642915.909874 0.0 0.8368816085574005 -99.0 0.3003443396119464 [1.430844988130899,1.4914496845388199,1.552508645292907,1.6429341731207592,1.6766549797821422] [2851692320.905693,3045782874.1345983,3250640247.8021145,3429415447.4454103,3593561775.6165566] [29498409415.03154,34560962659.027916,40248743930.02097,46317352753.74607,49479139589.28773] [5.577051506017712,6.918526838732974,7.837566994844483,8.957093862678475,9.764440019689106] [0.7183506015277155,0.7659163375819565,0.8174202179873412,0.8878246931966887,0.968183468973355] [1.5905275671198053e-09,2.0598566679564935e-09,2.458767760616463e-09,2.8091149366325867e-09,3.4350026612430114e-09] 1.2045604 0.01906228 3.0114176 0.293406 4.3877983 0.08512735
134125 34.4837102 -5.0499447 -1.0 24 0.54450536 19.814714 0.0019105026 3828.055752116374 79157.48615416403 0.54450536 19.814714 0.0019105026 0.5371812 0.0028444715 0.5371812 20.762568 0.52440137 0.5334309 0.54331875 0.55224305 0.5599108 0.57554877 0.024171531 1.7747874 0.025383472 3.7814336 0.033192873 18.802057 0.24730015 3138.901516737128 1497796896.752043 6081546915.316139 0.39483232924652206 3226765416.790338 0.0 1.283251099597947 -99.0 4.060328158312993 [0.5786164978750234,0.6044817256260964,0.6433594566541221,0.6701052490459465,0.692874862907238] [4951442515.971081,5364736551.4158325,5866213877.021347,6143031218.929445,6368212062.321302] [2733945178.629442,3339405069.154013,4637456713.142989,6647258069.368878,8605106715.265657] [0.2973789584445201,0.38607540694416165,0.5508349905263453,0.8143031617993701,1.0688432541917752] [1.1623570338058342,1.3022841214052276,1.3919281138374413,1.5346389446704247,1.6238678189501976] [4.981589868038563e-11,6.573411451007173e-11,9.447496158506001e-11,1.5073664492244782e-10,2.0661486827139937e-10] 0.16861415 0.011119157 2.071965 0.110488236 8.099575 0.14990878
29879 34.6884719 -5.438101 -1.0 24 1.8172672 21.963055 0.008919165 3828.055752116374 79157.48615416403 1.8172672 21.963055 0.008919165 1.8009267 0.008754831 1.8290765 21.915144 1.7410157 1.7711813 1.8080068 1.8431672 1.9021025 0.988562 0.04631862 1.4089421 0.059287548 1.4437823 0.091379344 2.0952995 0.24280411 13815.214254591807 6073226563.612466 1346312731.6163347 3.4838679446729364 15843301336.78011 0.0 0.5063802182902506 -99.0 0.22167997809973408 [1.6449393547963518,1.7250925416591607,1.7846520184657444,1.8395208520396076,1.8697145910088313] [1293901103.081723,1324249287.1119852,1350361203.8388274,1402016505.7842274,1462629138.383525] [13127649554.011398,13755747639.387249,16600256369.436836,19273655026.978577,23349287764.17938] [2.9661805345811323,3.0476651501076555,3.655215851698208,4.195838941180821,5.0723528726616625] [0.3371505306339435,0.43589288243333446,0.5324844310759511,0.6557766899382041,0.8084929469150403] [2.1555547117936206e-09,2.219268334739778e-09,2.7318623026421183e-09,3.121176514883692e-09,3.6719146955266737e-09] 0.6911513 0.015674204 1.397953 0.061341405 1.8464583 0.0938828
9012 34.3286028 -5.5147201 -1.0 24 1.7474496 50.516144 0.004334917 3828.055752116374 79157.48615416403 1.7474496 50.516144 0.004334917 1.7454647 0.004479974 1.7454647 50.479294 1.7048434 1.7285516 1.7517912 1.7839514 1.811371 1.3665045 0.046655774 1.8974959 0.058770657 2.1375291 0.17281657 3.3879638 0.22494483 13165.96028350241 8373709196.893671 2188437827.8039346 4.057403125525067 17925270548.94809 0.0 0.4629424189309498 -99.0 0.26134628948134025 [1.8213956177545718,1.834424105150444,1.8498419285540448,1.857451891039089,1.8633748642779264] [2005240290.7813334,2091994874.7236788,2182693342.5485516,2287229165.307857,2425101753.0288467] [17593475845.061287,17612613054.53136,17844592540.979965,18811278979.72907,19496436735.111404] [4.00813099759381,4.00987531650053,4.045588685955547,4.193550375775554,4.29355653195638] [0.40305477584705135,0.4310091349835135,0.4602561689980589,0.49647501189847315,0.5449224448392878] [1.652777638972046e-09,1.7623310997408875e-09,1.8702033633567515e-09,1.995127508419685e-09,2.127202442991529e-09] 0.9930599 0.01574862 1.8557518 0.068660975 2.2426865 0.10087323
97074 34.5165189 -5.1827253 0.708 22 0.6858936 37.91285 0.0010321015 3828.055752116374 79157.48615416403 0.708 43.849968 0.008936374 0.68194413 0.0012087831 0.68194413 38.114853 0.669274 0.67729586 0.6856114 0.6943737 0.703864 4.3465133 0.076280355 13.6604 0.24306011 27.326674 0.17621803 101.1822 1.3483086 4319.128568025983 18531974395.435753 57845516666.22052 0.02445779269393655 4732369959.678093 0.0 0.5805708586256842 -99.0 3.121389843948161 [0.7870676937274784,0.7950194700752736,0.7998866073297102,0.8044503890188365,0.809359658804532] [57137529814.12592,57543046094.45347,57916843829.789665,58221717502.80679,58828370929.82155] [4202392122.7777114,4342265923.752027,4673428903.233946,5045380854.285948,5331282035.347938] [0.02109400025415914,0.02224844425184671,0.024177401189292697,0.02634625225259088,0.028027051513613514] [0.5360504976906586,0.5591315288299568,0.5814884126775065,0.5993379649360588,0.6102895825923623] [3.6370974428609253e-13,3.858349329185977e-13,4.179964947922073e-13,4.5460021282257133e-13,4.82804790687286e-13] 1.219722 0.030495286 15.953742 0.2338314 49.405746 0.58981895
