diffhtwo/experimental/data/feniks_test_data/feniks_zout_selected_for_testing.ecsv
# %ECSV 1.0
# ---
# datatype:
# - {name: id, datatype: int64}
# - {name: ra, datatype: float64}
# - {name: dec, datatype: float64}
# - {name: z_spec, datatype: float64}
# - {name: nusefilt, datatype: int64}
# - {name: z_ml, datatype: float32}
# - {name: z_ml_chi2, datatype: float32}
# - {name: z_ml_risk, datatype: float32}
# - {name: lc_min, datatype: float64, format: .1f}
# - {name: lc_max, datatype: float64, format: .1f}
# - {name: z_phot, datatype: float32}
# - {name: z_phot_chi2, datatype: float32}
# - {name: z_phot_risk, datatype: float32}
# - {name: z_min_risk, datatype: float32}
# - {name: min_risk, datatype: float32}
# - {name: z_raw_chi2, datatype: float32}
# - {name: raw_chi2, datatype: float32, format: 8.4f}
# - {name: z025, datatype: float32, format: 8.4f}
# - {name: z160, datatype: float32, format: 8.4f}
# - {name: z500, datatype: float32, format: 8.4f}
# - {name: z840, datatype: float32, format: 8.4f}
# - {name: z975, datatype: float32, format: 8.4f}
# - {name: restU, datatype: float32, format: .3f}
# - {name: restU_err, datatype: float32, format: .3f}
# - {name: restB, datatype: float32, format: .3f}
# - {name: restB_err, datatype: float32, format: .3f}
# - {name: restV, datatype: float32, format: .3f}
# - {name: restV_err, datatype: float32, format: .3f}
# - {name: restJ, datatype: float32, format: .3f}
# - {name: restJ_err, datatype: float32, format: .3f}
# - {name: dL, unit: Mpc, datatype: float64, format: .1e}
# - {name: Lv, unit: solLum, datatype: float64, format: .2e}
# - {name: mass, unit: solMass, datatype: float64, format: .2e}
# - {name: sfr, unit: solMass / yr, datatype: float64, format: .3f, description: SFR over last 100 Myr}
# - {name: LIR, unit: solLum, datatype: float64, format: .2e, description: IR luminosity = energy_abs}
# - {name: energy_abs, unit: solLum, datatype: float64, format: .2e}
# - {name: Av, datatype: float64, format: .2f}
# - {name: lw_age_V, unit: Gyr, datatype: float64, format: .2f}
# - {name: MLv, unit: solMass / solLum, datatype: float64, format: .2f}
# - {name: Lv_p, unit: solLum, datatype: string, format: .2e, subtype: 'float64[5]'}
# - {name: mass_p, unit: solMass, datatype: string, format: .2e, subtype: 'float64[5]'}
# - {name: LIR_p, unit: solLum, datatype: string, format: .2e, subtype: 'float64[5]'}
# - {name: sfr_p, unit: solMass / yr, datatype: string, format: .3f, subtype: 'float64[5]'}
# - {name: Av_p, datatype: string, format: .2f, subtype: 'float64[5]'}
# - {name: ssfr_p, unit: 1 / yr, datatype: string, format: .2e, subtype: 'float64[5]'}
# - {name: rest414, datatype: float32, format: .3f}
# - {name: rest414_err, datatype: float32, format: .3f}
# - {name: rest415, datatype: float32, format: .3f}
# - {name: rest415_err, datatype: float32, format: .3f}
# - {name: rest416, datatype: float32, format: .3f}
# - {name: rest416_err, datatype: float32, format: .3f}
# meta: !!omap
# - version: !!python/tuple [0.6.3, Eazy-py version]
# - prior: !!python/tuple [true, Prior applied (templates/prior_K_TAO.dat)]
# - betprior: !!python/tuple [true, Beta prior applied]
# - fitter: !!python/tuple [nnls, Optimization method for template fits]
# - {SYS_ERR: 0.01}
# - {TEMP_ERR_FILE: templates/template_error_10.def}
# - {TEMP_ERR_A2: 0.2}
# - {PRIOR_FILTER: 265.0}
# - {PRIOR_ABZP: 25.0}
# - {IGM_SCALE_TAU: 1.0}
# - {APPLY_IGM: y}
[...]
# - ZP259: !!python/tuple [1.009998, ZP offset in filter 259 (fcol_VIDEO_Ks)]
# - ZP265: !!python/tuple [1.0, ZP offset in filter 265 (fcol_UDS_K)]
# - ZP18: !!python/tuple [1.004935, ZP offset in filter 18 (fcol_ch1)]
# - ZP19: !!python/tuple [1.020487, ZP offset in filter 19 (fcol_ch2)]
# - ZP20: !!python/tuple [0.873884, ZP offset in filter 20 (fcol_ch3)]
# - ZP21: !!python/tuple [0.911839, ZP offset in filter 21 (fcol_ch4)]
# - FNUSCALE: !!python/tuple [3.630780547701009e-30, Scale factor to f-nu CGS]
# - COSMOL: !!python/tuple [null, Cosmological model]
# - COS_OM: !!python/tuple [0.3, Omega matter]
# - COS_OL: !!python/tuple [0.7, Omega lambda]
# - COS_H0: !!python/tuple [70.0, Hubble constant]
# - RF_PADW: !!python/tuple [0.5, pad_width for RF fluxes]
# - RF_PADM: !!python/tuple [2, max_err for RF fluxes]
# - name414: !!python/tuple [synthetic_u, Filter name]
# - pivot414: !!python/tuple [2897.6857795148794, 'Pivot wavelength, Angstrom']
# - name415: !!python/tuple [synthetic_g, Filter name]
# - pivot415: !!python/tuple [4498.510075460355, 'Pivot wavelength, Angstrom']
# - name416: !!python/tuple [synthetic_i, Filter name]
# - pivot416: !!python/tuple [7494.424634848719, 'Pivot wavelength, Angstrom']
# schema: astropy-2.0
id ra dec z_spec nusefilt z_ml z_ml_chi2 z_ml_risk lc_min lc_max z_phot z_phot_chi2 z_phot_risk z_min_risk min_risk z_raw_chi2 raw_chi2 z025 z160 z500 z840 z975 restU restU_err restB restB_err restV restV_err restJ restJ_err dL Lv mass sfr LIR energy_abs Av lw_age_V MLv Lv_p mass_p LIR_p sfr_p Av_p ssfr_p rest414 rest414_err rest415 rest415_err rest416 rest416_err
[from data line 29]
181425 34.288786 -4.8767575 -1.0 24 2.5248787 95.06703 0.08534463 3828.055752116374 79157.48615416403 2.5248787 95.06703 0.08534463 2.632606 0.064226404 2.5252464 95.06231 2.3952272 2.4907289 2.650722 2.8100784 2.8835163 1.2919334 0.061466455 2.1004179 0.22295201 2.510681 0.082407475 6.7246013 0.36238813 20638.941441080326 18838775229.904766 11580560594.757406 11.401965425490511 64281482341.099174 0.0 1.0910440019995566 -99.0 0.6147193993999337 [1.3516798731148338,1.3946645443276968,1.473562258569814,1.537052698109959,1.6171949505232963] [10368808217.213806,10958856666.031027,11357088760.930729,12005365290.46106,12751013187.628428] [39742165453.11018,52563261273.4691,64465087714.217926,79643301801.87592,91058596092.14333] [6.914332620608368,9.344973341068158,11.414966065726592,14.12792414793002,16.28220233429095] [0.9818927859074992,1.0288554841583009,1.083301702303666,1.1288368295719275,1.1730909433794785] [6.088681859165037e-10,8.084155651144132e-10,9.893024753563755e-10,1.2483459046618769e-09,1.5041868199693278e-09] 0.74454975 0.039178997 2.1295974 0.2972852 3.5206358 0.28085148
117191 34.1465704 -5.1126241 -1.0 23 2.6902688 11.594565 0.027665729 3828.055752116374 79157.48615416403 2.6902688 11.594565 0.027665729 2.6691144 0.028130695 2.7059896 11.580454 2.4959002 2.5936038 2.6891873 2.7796345 2.8719738 0.64870805 0.11563659 2.0270653 0.11941141 3.9322495 0.15070689 18.895363 0.5911131 22286.95848462776 32863605394.234264 94802988849.46744 0.318884962048365 13871197631.002087 0.0 1.2147687741465847 -99.0 2.8847409683813967 [0.7232079666302583,0.778287693589364,0.8250813959894101,0.8858368964013699,0.9259809266836874] [84244877578.85103,92436004299.9375,102925718633.802,112755872613.03879,128086418253.9808] [11665117877.896715,12217622528.049593,13675968528.176098,16423414537.284037,18846158544.858215] [0.068219329426333,0.12517391688842533,0.33683636118408283,0.49991141958381624,0.7071510186727258] [0.8885422656197104,1.0493880329819518,1.1649642909013889,1.2380359161767733,1.3029778981857578] [7.333833768710216e-13,1.2549045764966868e-12,3.2567167695093137e-12,4.7386554424547005e-12,6.03012652668883e-12] 0.2192317 0.03972046 2.3423314 0.13235688 7.746388 0.2427876
155444 34.6560397 -4.9717474 -1.0 23 1.1136576 97.45517 0.0012923207 3828.055752116374 79157.48615416403 1.1136576 97.45517 0.0012923207 1.1168948 0.0014326891 1.1168948 96.24579 1.0835555 1.1025803 1.114526 1.1274512 1.135174 3.5214026 0.041736126 6.6818895 0.05351591 9.718827 0.14219809 23.214314 0.7333431 7548.133071383323 16266301975.225334 16278731759.29456 7.269787396540651 44928665811.633 0.0 0.7901385436230288 -99.0 1.0007641432015806 [1.2072822073027993,1.227893767647621,1.2523955861781495,1.282936042163419,1.2979384527111577] [14736980066.694967,15498195449.627098,16570241119.86216,17434202878.46193,18640668646.235916] [38097289102.48152,40930029126.824196,44581893959.7849,51101510787.68891,55228936220.07389] [6.084066795228991,6.538125374423026,7.243730282746185,8.023934000855208,8.852915438376327] [0.6199661663435218,0.6870330975712159,0.7937072293478925,0.9882525055214267,1.200842599428438] [3.4885954566447916e-10,3.805247346197637e-10,4.324563467221136e-10,5.081423021932454e-10,5.856053938015997e-10] 1.9129891 0.037841856 7.1870656 0.08797097 15.0299225 0.5106468
43856 34.1761081 -5.3857676 -1.0 19 0.7999853 45.955547 0.00021202871 3828.055752116374 79157.48615416403 0.7999853 45.955547 0.00021202871 0.8038988 5.0834124e-06 0.8038988 44.89458 0.7935351 0.79588073 0.7988075 0.801934 0.8035919 2.4305727 0.0551188 3.6605384 0.057296753 4.718467 0.072077036 13.18126 0.15859365 5017.405075743708 4097517592.755536 1832504207.3848293 2.8205665037765106 15900920896.602201 0.0 1.502832384535816 -99.0 0.4472230236728502 [1.4081459423008134,1.4259902751819504,1.4484660347985998,1.4796167341828004,1.4977795446183788] [1638373878.769895,1713945378.8966222,1836770840.1108937,1961666653.8055508,2072968367.6372297] [14017448185.272316,14766151639.466162,16125591740.255142,17159953095.962261,17845136809.88495] [2.4868768435365234,2.6289754151994806,2.848308000361934,3.070325809277226,3.1586888902269963] [1.3457290725826272,1.410461982444425,1.4989374960432928,1.5738112278617253,1.6435677674461473] [1.2996702933918477e-09,1.3784232489573472e-09,1.556364235983268e-09,1.696054967436375e-09,1.8842254311546365e-09] 1.4806606 0.08600122 3.7300205 0.055425167 6.9364944 0.70880127
240492 34.5844189 -4.6681937 -1.0 24 0.17179254 21.531588 0.0036469763 3828.055752116374 79157.48615416403 0.17179254 21.531588 0.0036469763 0.17345259 0.004101831 0.17345259 21.456213 0.1451878 0.15598065 0.16967691 0.1760759 0.18345481 2.1567318 0.24484175 4.3122516 0.1103251 5.4769454 0.04595399 8.736826 0.72127676 827.8160549989235 198877614.45028135 121202801.226845 0.034673812867314954 201873554.29920322 0.0 0.2517916406430822 -99.0 0.6094341063063446 [1.3942880064328498,1.46258023652027,1.5845152457860192,1.6262675276328387,1.6634343931214584] [116480747.67456165,122146834.39583772,133012602.14333363,157844231.22138625,183367101.67647943] [115286914.54825075,146361829.4297139,177626067.63135582,211720427.8701486,246368703.62263894] [0.017054971689039775,0.023580215107358776,0.030444987000752884,0.03760680344559003,0.043026588148198014] [0.18174307999158024,0.2127245822908369,0.23582836265417303,0.2726316350998686,0.29189879231142024] [1.0316800587534272e-10,1.594692191773522e-10,2.2910076211700134e-10,2.897956882807664e-10,3.428136878981159e-10] 1.2686871 0.3616983 4.564955 0.231287 6.850731 0.0476892
28246 34.8650563 -5.4428348 -1.0 18 0.70424336 31.651485 0.00094498246 3828.055752116374 57450.28623538123 0.70424336 31.651485 0.00094498246 0.69884795 0.0010590525 0.69884795 32.162468 0.68721193 0.69324064 0.69975555 0.71143377 0.7220457 2.7018502 0.3191744 4.8369374 0.19231486 6.5021696 0.05742359 13.196435 0.20653486 4291.102824765802 4362093759.366464 3197138846.170164 1.37798066304873 7102395057.818153 0.0 0.7004448841983916 -99.0 0.7329367552692188 [1.2767419217601854,1.3392380829648927,1.4183456943568817,1.4662799656016186,1.5052034958077092] [2554684806.9859576,2998910340.4134464,3351073263.7398806,3954155640.3899384,4418762995.510083] [4834522000.358595,6190766053.70951,7710153072.613362,8878784994.661251,10541872154.235456] [0.8713745151087264,1.1280121299442893,1.4834818331283977,1.662451156239112,1.8188546242531034] [0.5306778335947275,0.6414218075081469,0.7464212579122134,0.8881658121649517,1.0096418707320434] [2.1871333790690748e-10,2.947321387300198e-10,4.2278932979933654e-10,5.329791043535973e-10,6.939604934328821e-10] 1.7828972 0.047032356 5.1220984 0.1595571 9.160303 0.15552711
229747 34.4976908 -4.6895011 -1.0 24 1.0206534 22.356327 0.010947049 3828.055752116374 79157.48615416403 1.0206534 22.356327 0.010947049 1.0338902 0.0075956266 1.0136527 22.287037 0.99729484 1.0139923 1.0404167 1.0698922 1.0896541 0.99546546 0.029824376 2.3744392 0.03258705 4.049317 0.6009282 16.780764 0.9446907 6776.284445009804 5713519705.1403885 10423014007.071789 1.9446484460767937 13368499712.929682 0.0 1.3380098818303494 -99.0 1.8242719978184938 [0.9463346585142733,0.9785054076908114,1.0011234452193256,1.0282721301667037,1.0524279741718412] [8615255655.090612,9651919458.672909,10410852815.691902,11521554340.452778,12474317717.236391] [8029112709.555983,10823614869.013754,12712533010.16463,16084064192.540604,19395719429.90578] [1.2027780891896687,1.5917978923997003,1.874909093216778,2.364612213672208,2.7242957798233802] [1.104094102031874,1.1417274662105144,1.3187861591537353,1.497403245530428,1.689513218376754] [1.0988817156363868e-10,1.4334201606057867e-10,1.721670836523034e-10,2.3982851122727626e-10,3.184917527270597e-10] 0.42699668 0.020622045 2.656541 0.036075354 7.20436 0.46754575
150060 34.6107414 -4.9918035 -1.0 23 1.8071806 45.77381 0.0028968449 4447.9638671972125 79157.48615416403 1.8071806 45.77381 0.0028968449 1.8009267 0.0029901399 1.8009267 45.887825 1.7627333 1.7824764 1.8050072 1.8286906 1.8482385 1.2131314 0.05037844 3.2098775 0.06898916 5.1427374 0.11371374 10.953863 0.40245533 13721.107035485977 21415723079.790966 25844945327.97486 0.03600016248208979 2938791678.557969 0.0 0.19872355446520532 -99.0 1.2068210459988413 [1.184851894776534,1.1971449090564608,1.2078647006732743,1.230003013268624,1.2378982715417524] [24874491375.136517,25235567202.846565,25915943821.510975,26442832847.856895,26777644301.792503] [2827039574.5062227,2876719640.0006294,2936752902.233124,3038843620.678601,3127918887.05163] [0.03519594064135179,0.03555485127180769,0.03593123614520786,0.03665017803884133,0.037111411814327346] [0.12451216099844732,0.1594218306052316,0.20236319582761764,0.24856549617650206,0.30668962571262276] [1.310950500735292e-12,1.3491013634949056e-12,1.384557514795865e-12,1.4520800924514438e-12,1.4812994615064873e-12] 0.42254677 0.018511444 3.6338134 0.08328557 6.87483 0.12449479
26442 34.0543317 -5.4506793 -1.0 14 2.921763 28.95626 0.011619351 3828.055752116374 45020.33785230743 2.921763 28.95626 0.011619351 2.8959997 0.009950254 2.9351552 28.92836 2.7269883 2.8516176 2.9060345 2.9452229 2.980722 1.9622664 0.062342465 2.6404715 0.120664835 3.2373455 0.9109858 6.9489417 0.84622574 24621.421311623515 31071659321.581604 10596382512.36889 27.190779044322163 132586439912.03343 0.0 0.8422744282043452 -99.0 0.3410304677551902 [1.509194890738589,1.5313605770869374,1.5523092058676755,1.5712992854603283,1.5928275446634765] [7886522491.260028,8773067738.787346,10054230856.06388,11466158719.568258,13465881671.732552] [112668769801.887,123141808780.2311,129888266366.32281,133685757632.15857,137128812622.83667] [23.225466758701884,25.361123612262997,26.886182677173053,27.341601581698104,27.74570465596659] [0.6748272485085799,0.7342327042825268,0.8065867455186619,0.8778351932275058,0.967444516605701] [1.8818122039810826e-09,2.2421352096200067e-09,2.669311112479451e-09,3.0905576251883182e-09,3.417164762385625e-09] 1.3093098 0.04445702 2.6074479 0.12677443 4.224465 0.68251
32835 34.8592469 -5.4272695 -1.0 18 1.9553474 14.324404 0.06762916 3828.055752116374 57450.28623538123 1.9553474 14.324404 0.06762916 1.9445333 0.06698688 2.0040169 14.283372 1.6835908 1.8217219 1.952202 2.0746324 2.154001 0.46438083 0.05077347 1.323249 0.0659948 2.297528 0.098914266 5.069576 0.2560687 15113.522965571185 11025903029.770077 17517268829.74945 0.09771635076917791 1885010555.695499 0.0 0.2732142774472062 -99.0 1.5887377915851975 [1.0213804863175404,1.0359757033322683,1.0580824040794097,1.1117341332697215,1.1617573850570877] [14844312489.517353,16141824389.200823,17272289339.78666,17856715783.635036,18556094584.29852] [1651153195.9485025,1741759137.9433632,1877255993.9050508,2023355059.110098,2150763416.0917897] [0.015576728250498205,0.017576007168031343,0.10534980418420932,0.19661816452690337,0.27273405907527914] [0.12828026450103286,0.13885985904849935,0.25720506973158763,0.3982915678150701,0.4744405524413503] [8.562166217494729e-13,1.1107365169425322e-12,6.4545561291688805e-12,1.1561907914745463e-11,1.575837083127404e-11] 0.14525574 0.020850275 1.4999775 0.07675648 3.518602 0.08935988
171573 33.9983524 -4.9137563 -1.0 24 1.4732273 16.464943 0.2530316 3828.055752116374 79157.48615416403 1.4732273 16.464943 0.2530316 1.4841992 0.25299054 1.4841992 16.136393 1.3171762 1.4015301 1.4840528 2.1293225 2.6791408 0.16632803 0.01686567 0.39199302 0.040976405 0.8540943 0.05704087 5.7411695 0.33499146 10668.558742600922 2440528173.76245 4799927029.816644 5.562251224740197 42079222996.05753 0.0 2.597893681619383 -99.0 1.9667574754594275 [0.4176484728281419,0.4763907944621812,0.5410821843815892,0.6147628726630014,0.686254806970123] [3527340907.9860945,4151833828.95344,4839410509.805647,5571534245.177171,6321008323.447993] [21647197421.748226,26188182552.672363,39149347555.69007,49886011708.04029,57024819277.95665] [2.9070832685916255,3.4710169625314724,5.324444238523588,6.692903802324188,7.489014640456766] [1.9126854838971588,2.134729065996958,2.585869637759953,2.754171211905335,2.838875353590449] [5.22981847443645e-10,6.639156797041926e-10,1.1968305711320802e-09,1.3896542855586565e-09,1.4938522849373273e-09] 0.07254448 0.010624707 0.42265806 0.064260736 2.2251492 0.08408892
72569 34.2062091 -5.277814 -1.0 16 1.5799413 6.1405754 0.020456603 4447.9638671972125 79157.48615416403 1.5799413 6.1405754 0.020456603 1.5855812 0.019805439 1.5855812 6.1809907 1.514101 1.5489616 1.5857832 1.6422318 1.760355 1.0549948 0.051498592 2.7196858 0.12301612 5.3214493 0.6572778 17.68382 1.1333532 11629.83865727973 17321999019.31964 40696429219.59162 11.679075802391356 84325498316.61201 0.0 1.0529144131227768 -99.0 2.3494072003007225 [0.6524932623955945,0.6964032689252563,0.7282786099243279,0.7651367516841383,0.800988625563882] [34450930267.06331,38807737316.128395,44607418776.865555,49505907737.874825,52686820785.57523] [29731228558.82731,46380143850.52219,64391447337.76286,92816504614.30826,115048921036.54308] [3.584053368238441,6.000041326434717,9.092560309404751,12.50191054482507,15.930805998588243] [0.6208792917887074,0.7782464567943469,0.9202313951755465,1.170057712948279,1.3724080655557727] [7.44498136389402e-11,1.258224498867873e-10,1.9709836067166472e-10,3.0103024003219964e-10,4.613940203258719e-10] 0.36271015 0.0147446245 3.0742724 0.37409234 9.253458 0.34516525
34770 34.165252 -5.4157585 -1.0 18 0.6504684 35.538483 0.0001220709 3828.055752116374 79157.48615416403 0.6504684 35.538483 0.0001220709 0.6486394 8.159838e-05 0.6486394 35.534023 0.64208996 0.6463753 0.6507236 0.65499496 0.6609085 7.4755125 0.18678689 24.764359 2.0935917 51.465935 0.29273415 180.56476 3.3418503 3894.4010747188636 29364629346.77594 108742965330.40091 0.13983524743159986 7595939598.437684 0.0 0.4160902409479063 -99.0 3.703195570637783 [0.6893934467402705,0.6980609043438885,0.708707661401309,0.7184717267013874,0.7268634025598475] [106281956104.29904,107691085602.81795,108890129814.91516,109845591586.69467,111228581604.46664] [6243318235.166812,6586010411.774306,8237627144.713715,16621289526.134783,22482093270.047142] [0.024894517047673967,0.027215906138164492,0.198587148893114,1.2733922561143582,2.0055352243468336] [0.38704085051749076,0.40667516300890516,0.43759839777421483,0.4808179811913408,0.5174202864670804] [2.291001047981395e-13,2.5339966678468826e-13,1.8331889047718337e-12,1.1790227440609811e-11,1.8582079274522165e-11] 1.8230598 0.05034542 29.593004 2.2452288 96.70661 1.000927
219640 34.0934182 -4.7290204 -1.0 23 1.6818508 18.470718 0.027977167 3828.055752116374 79157.48615416403 1.6818508 18.470718 0.027977167 1.6643239 0.024278523 1.6911008 18.57672 1.5190529 1.5701079 1.6673305 1.7079061 1.7494282 0.7312901 0.032702565 1.206308 0.08375788 1.5329225 0.13876879 2.0688994 0.30901104 12560.640575573656 5599376225.833474 2614121657.968465 2.448333354078432 10853240799.060251 0.0 0.32049021704125896 -99.0 0.4668594415763427 [1.4591822621898138,1.5289719241767346,1.6084175848941977,1.651197261323161,1.6958291305411837] [1634353370.8171449,2053417304.7878833,2606550159.045948,2998947032.617341,3250422216.2071314] [5847241276.820548,8576573721.103255,10323224515.59468,16348168855.492336,21353201287.71921] [1.4942105535288788,1.9286053885041705,2.369950277957987,3.5916283366613064,4.486577189208804] [0.17153845972241183,0.2167467690366049,0.32801462458142394,0.47822415545360347,0.5922779440733107] [5.302890593216532e-10,6.446022760510627e-10,9.382251502527294e-10,1.6455870578308456e-09,2.760150288817008e-09] 0.4767295 0.01381366 1.2083803 0.118937075 1.9285554 0.11060715
