diffhtwo/experimental/data/feniks_test_data/feniks_zout_selected_for_testing.ecsv
# %ECSV 1.0
# ---
# datatype:
# - {name: id, datatype: int64}
# - {name: ra, datatype: float64}
# - {name: dec, datatype: float64}
# - {name: z_spec, datatype: float64}
# - {name: nusefilt, datatype: int64}
# - {name: z_ml, datatype: float32}
# - {name: z_ml_chi2, datatype: float32}
# - {name: z_ml_risk, datatype: float32}
# - {name: lc_min, datatype: float64, format: .1f}
# - {name: lc_max, datatype: float64, format: .1f}
# - {name: z_phot, datatype: float32}
# - {name: z_phot_chi2, datatype: float32}
# - {name: z_phot_risk, datatype: float32}
# - {name: z_min_risk, datatype: float32}
# - {name: min_risk, datatype: float32}
# - {name: z_raw_chi2, datatype: float32}
# - {name: raw_chi2, datatype: float32, format: 8.4f}
# - {name: z025, datatype: float32, format: 8.4f}
# - {name: z160, datatype: float32, format: 8.4f}
# - {name: z500, datatype: float32, format: 8.4f}
# - {name: z840, datatype: float32, format: 8.4f}
# - {name: z975, datatype: float32, format: 8.4f}
# - {name: restU, datatype: float32, format: .3f}
# - {name: restU_err, datatype: float32, format: .3f}
# - {name: restB, datatype: float32, format: .3f}
# - {name: restB_err, datatype: float32, format: .3f}
# - {name: restV, datatype: float32, format: .3f}
# - {name: restV_err, datatype: float32, format: .3f}
# - {name: restJ, datatype: float32, format: .3f}
# - {name: restJ_err, datatype: float32, format: .3f}
# - {name: dL, unit: Mpc, datatype: float64, format: .1e}
# - {name: Lv, unit: solLum, datatype: float64, format: .2e}
# - {name: mass, unit: solMass, datatype: float64, format: .2e}
# - {name: sfr, unit: solMass / yr, datatype: float64, format: .3f, description: SFR over last 100 Myr}
# - {name: LIR, unit: solLum, datatype: float64, format: .2e, description: IR luminosity = energy_abs}
# - {name: energy_abs, unit: solLum, datatype: float64, format: .2e}
# - {name: Av, datatype: float64, format: .2f}
# - {name: lw_age_V, unit: Gyr, datatype: float64, format: .2f}
# - {name: MLv, unit: solMass / solLum, datatype: float64, format: .2f}
# - {name: Lv_p, unit: solLum, datatype: string, format: .2e, subtype: 'float64[5]'}
# - {name: mass_p, unit: solMass, datatype: string, format: .2e, subtype: 'float64[5]'}
# - {name: LIR_p, unit: solLum, datatype: string, format: .2e, subtype: 'float64[5]'}
# - {name: sfr_p, unit: solMass / yr, datatype: string, format: .3f, subtype: 'float64[5]'}
# - {name: Av_p, datatype: string, format: .2f, subtype: 'float64[5]'}
# - {name: ssfr_p, unit: 1 / yr, datatype: string, format: .2e, subtype: 'float64[5]'}
# - {name: rest414, datatype: float32, format: .3f}
# - {name: rest414_err, datatype: float32, format: .3f}
# - {name: rest415, datatype: float32, format: .3f}
# - {name: rest415_err, datatype: float32, format: .3f}
# - {name: rest416, datatype: float32, format: .3f}
# - {name: rest416_err, datatype: float32, format: .3f}
# meta: !!omap
# - version: !!python/tuple [0.6.3, Eazy-py version]
# - prior: !!python/tuple [true, Prior applied (templates/prior_K_TAO.dat)]
# - betprior: !!python/tuple [true, Beta prior applied]
# - fitter: !!python/tuple [nnls, Optimization method for template fits]
# - {SYS_ERR: 0.01}
# - {TEMP_ERR_FILE: templates/template_error_10.def}
# - {TEMP_ERR_A2: 0.2}
# - {PRIOR_FILTER: 265.0}
# - {PRIOR_ABZP: 25.0}
# - {IGM_SCALE_TAU: 1.0}
# - {APPLY_IGM: y}
[...]
# - ZP259: !!python/tuple [1.009998, ZP offset in filter 259 (fcol_VIDEO_Ks)]
# - ZP265: !!python/tuple [1.0, ZP offset in filter 265 (fcol_UDS_K)]
# - ZP18: !!python/tuple [1.004935, ZP offset in filter 18 (fcol_ch1)]
# - ZP19: !!python/tuple [1.020487, ZP offset in filter 19 (fcol_ch2)]
# - ZP20: !!python/tuple [0.873884, ZP offset in filter 20 (fcol_ch3)]
# - ZP21: !!python/tuple [0.911839, ZP offset in filter 21 (fcol_ch4)]
# - FNUSCALE: !!python/tuple [3.630780547701009e-30, Scale factor to f-nu CGS]
# - COSMOL: !!python/tuple [null, Cosmological model]
# - COS_OM: !!python/tuple [0.3, Omega matter]
# - COS_OL: !!python/tuple [0.7, Omega lambda]
# - COS_H0: !!python/tuple [70.0, Hubble constant]
# - RF_PADW: !!python/tuple [0.5, pad_width for RF fluxes]
# - RF_PADM: !!python/tuple [2, max_err for RF fluxes]
# - name414: !!python/tuple [synthetic_u, Filter name]
# - pivot414: !!python/tuple [2897.6857795148794, 'Pivot wavelength, Angstrom']
# - name415: !!python/tuple [synthetic_g, Filter name]
# - pivot415: !!python/tuple [4498.510075460355, 'Pivot wavelength, Angstrom']
# - name416: !!python/tuple [synthetic_i, Filter name]
# - pivot416: !!python/tuple [7494.424634848719, 'Pivot wavelength, Angstrom']
# schema: astropy-2.0
id ra dec z_spec nusefilt z_ml z_ml_chi2 z_ml_risk lc_min lc_max z_phot z_phot_chi2 z_phot_risk z_min_risk min_risk z_raw_chi2 raw_chi2 z025 z160 z500 z840 z975 restU restU_err restB restB_err restV restV_err restJ restJ_err dL Lv mass sfr LIR energy_abs Av lw_age_V MLv Lv_p mass_p LIR_p sfr_p Av_p ssfr_p rest414 rest414_err rest415 rest415_err rest416 rest416_err
[from data line 44]
172064 34.7018935 -4.9113842 -1.0 17 1.771991 26.695442 0.00818214 3828.055752116374 79157.48615416403 1.771991 26.695442 0.00818214 1.773057 0.008152045 1.773057 26.713396 1.7256714 1.7508323 1.7761074 1.8063303 1.8402497 1.4816176 0.06495625 2.4174528 0.079548836 2.9855375 0.13421798 5.962487 0.3018136 13393.60219667387 11996539796.87381 3986740821.585361 11.834744006190999 63607372989.86041 0.0 0.7887369854722933 -99.0 0.3323242275763775 [1.1232166180699654,1.1965316656955944,1.2717297833292083,1.3349238367906475,1.3774740905823137] [3977478007.8455343,4852989891.568965,6329590831.789061,8391484449.600812,10487651741.442062] [48271947083.56623,55995022811.31733,59772139173.59633,70348084495.48465,79683360696.1405] [9.253262189796457,10.342754115334179,11.03971644032211,12.70365983090827,14.008761185377736] [0.5887335340997081,0.6262227297397734,0.6835427059575262,0.9306602587938771,1.110151570487345] [9.731626728749002e-10,1.223755371849225e-09,1.7440362396293564e-09,2.5125424647864466e-09,3.2306439950035503e-09] 0.9529358 0.020440817 2.4613886 0.06563604 4.0558753 0.12721121
70547 34.1341631 -5.2851849 -1.0 16 1.1815147 12.217239 0.018585935 6148.516204987582 79157.48615416403 1.1815147 12.217239 0.018585935 1.1813639 0.018578026 1.1813639 12.217887 1.0976275 1.1298265 1.1808449 1.2290912 1.2563795 0.79806143 0.031276315 1.5898979 0.0410313 2.4775352 0.20085084 8.493175 0.5087273 8121.281759224457 4650946783.092726 4750056048.860683 2.3266072161360283 13153071930.465937 0.0 1.5696524814898922 -99.0 1.0213094817872874 [1.0820051059405527,1.1240982950847365,1.1890561430906343,1.2791319695946854,1.3327171022160553] [3384645912.4305096,3813051330.748941,4524669068.893337,5678451863.840278,6466115508.882686] [5344565971.589558,8116609071.987858,13727380137.211918,19568983168.527954,24821674404.588573] [1.284428521026689,1.7111812361008085,2.3822631148244726,3.222327052917008,4.003476365962664] [1.037620304022657,1.2627736908743357,1.5637521106762091,1.7519195326263943,1.9073277128850392] [2.1704031929559621e-10,3.1614647788533926e-10,5.395325688304743e-10,7.217239379240224e-10,1.0764129533985813e-09] 0.43476582 0.01896976 1.6430326 0.0678857 3.973519 0.12853968
195847 34.5611363 -4.8204521 -1.0 18 0.023477208 56.446705 0.0030639619 3828.055752116374 79157.48615416403 0.023477208 56.446705 0.0030639619 0.030403353 0.0037107302 0.020150669 56.195133 0.013022848 0.018675793 0.024840595 0.03478776 0.046782415 0.868925 0.04332024 1.9423707 0.06649637 2.8035002 0.027917624 4.319675 0.077827215 102.36116931915949 1782064.4552094853 1271333.6712774334 0.0001624578830822427 1100650.1055388087 0.0 0.1929853554618862 -99.0 0.7134049879963436 [1.4532866254028816,1.4603937988309854,1.4720350858111768,1.4849995254142743,1.4942798067157648] [1202369.2978402076,1229231.7767918126,1256473.3420105812,1285640.2421330668,1306388.2179916925] [551739.4117710463,836079.2354956495,1171751.788572274,1565079.7300331912,1756087.9229510087] [7.01207354318035e-05,0.00011705452536630236,0.00017745830802554286,0.0002451478795670321,0.00028373186271661214] [0.13908839260296013,0.16721668404704246,0.19624942635964215,0.2338682190171529,0.2495857362095193] [5.36727625330204e-11,9.051762801801446e-11,1.42341696426119e-10,1.9918353346588849e-10,2.362974313996846e-10] 0.404507 0.35860246 2.1012573 0.04768169 3.5890129 0.042047977
141369 34.5343959 -5.0242418 -1.0 24 0.7435847 21.255957 0.0019572545 3828.055752116374 79157.48615416403 0.7435847 21.255957 0.0019572545 0.75058556 0.002649887 0.75058556 21.72792 0.72085536 0.7315649 0.7436437 0.75539047 0.76853573 0.66588336 0.023431778 1.6320544 0.024813592 2.571036 0.04303682 5.4066777 0.11951518 4586.558745169147 1926058886.7642825 2043773270.6349573 0.267273735055463 2051824442.754693 0.0 0.6808380574136197 -99.0 1.0611167107504336 [1.148252636828437,1.1754759291453794,1.2146344533961577,1.2574963539187616,1.2771164862435045] [1853650134.6281707,1952860546.106264,2030376937.8685756,2117039530.723551,2216720700.9549685] [1048856549.6734209,1250798460.9614592,1901757225.2299595,2622251629.6163907,3370434882.578643] [0.10888357553916699,0.13656371892305116,0.24328160878172833,0.36096365295675237,0.48007198604914064] [0.5258497358866252,0.5918511570803602,0.6829739067363869,0.7776274791206093,0.8608529999527031] [5.207871029212165e-11,6.727895665367991e-11,1.1720243929668685e-10,1.7585433988843706e-10,2.306206749127304e-10] 0.25042444 0.008613892 1.7987225 0.024518967 3.730648 0.09686422
112125 34.3447075 -5.1280475 -1.0 24 0.32128307 64.02106 0.0011318711 3828.055752116374 79157.48615416403 0.32128307 64.02106 0.0011318711 0.3230641 0.0012031875 0.3230641 64.05651 0.30806473 0.3140877 0.32098535 0.32758367 0.33575645 3.0033753 0.1049484 6.3799477 0.052734375 10.353687 0.15219021 29.69107 0.26679516 1680.796839155503 1374548556.2790115 1979285149.614724 0.2845688428630249 1585912674.1123803 0.0 0.78043076460205 -99.0 1.4399528780363875 [1.1219492168256278,1.1291426299712068,1.139909657199451,1.1539567863224405,1.1686592638262738] [1815711165.8170152,1869022732.2508838,1936714860.6408195,2010899370.3086429,2073735068.338196] [1329529989.2729201,1432223630.8933115,1535089758.527398,1631012321.796562,1703422040.409593] [0.23530274793017983,0.25501673328234514,0.275447374756917,0.29331034437884584,0.30224420412326697] [0.674969116829839,0.7186681944000886,0.7756186761244943,0.8087558301498378,0.8444946632616406] [1.244408260740839e-10,1.3302651973214975e-10,1.4133245227928648e-10,1.491277669229153e-10,1.5494709313290842e-10] 1.4584441 0.03623265 7.031688 1.6170547 16.321941 0.12707043
219946 34.6480497 -4.7277298 -1.0 24 0.5715178 40.528046 0.020427007 3828.055752116374 79157.48615416403 0.5715178 40.528046 0.020427007 0.5839953 0.020903956 0.56823426 40.585083 0.5904479 0.5914296 0.5938629 0.59607744 0.5986188 0.8366827 0.015540957 1.1679176 0.015753686 1.4394629 0.022051096 2.0233455 0.076545954 3328.014646605515 629915244.5983797 300734054.70776445 0.26343767326132045 472321442.8208095 0.0 0.09268216639728648 -99.0 0.477419870826441 [1.8426220205356743,1.856809230211908,1.8730701223079287,1.8901779683151352,1.9101984358710178] [283922393.91740865,291801671.2164711,299325605.25549394,311692163.31954646,327607043.11465365] [455564940.84025973,464596602.8132655,472440946.61069745,479653378.7171286,483658367.9852841] [0.2520067002321353,0.25821258974846983,0.2635581236000284,0.2683369029524091,0.2711771387854195] [0.09070934035112012,0.09148738539870822,0.09261333217408968,0.09391335458852254,0.09543486144161845] [8.133735197074977e-10,8.415633503586911e-10,8.75475226344e-10,9.094104873792248e-10,9.361469864938185e-10] 0.6385206 0.011315227 1.174318 0.028271854 1.7733111 0.1010735
67821 34.795429 -5.2965939 -1.0 21 2.6277127 18.641771 0.029492049 3828.055752116374 79157.48615416403 2.6277127 18.641771 0.029492049 2.632606 0.029854752 2.632606 18.702595 2.430697 2.5336847 2.6210406 2.7094004 2.8458214 0.9745473 0.08361822 1.50985 0.101510644 2.0450437 0.18840665 4.5135393 0.4450605 21661.587591917993 16424068433.335594 7667199232.05039 12.336398417585725 70551184097.8918 0.0 0.9091281456178635 -99.0 0.4668270388163041 [1.3235360496839217,1.3466703539148919,1.4460986080920528,1.5539256041915555,1.654588059829689] [6318143595.0422125,6920725930.835049,7919781469.941128,8611439203.507101,9361787988.313862] [32580500205.020477,45693825952.03672,66966544808.19208,88397631723.721,91140971516.55217] [5.531423219987721,7.848959685903476,11.751772759839792,15.51238028240296,16.025649902598584] [0.7827668311170876,0.8420047274707586,0.9085028752703643,0.9655670460584151,1.0148586683190026] [6.637304391643923e-10,9.138011553199422e-10,1.4689185079244381e-09,2.134258107821782e-09,2.424709235600096e-09] 0.61227775 0.042031735 1.5200045 0.14780128 2.8268867 0.26047504
155545 34.3223969 -4.9725846 -1.0 24 1.516124 16.938997 0.12815316 3828.055752116374 79157.48615416403 1.516124 16.938997 0.12815316 1.6115668 0.08501881 1.5091658 16.664251 1.4335593 1.5092325 1.6643372 1.7584178 1.8403276 0.45245332 0.025912955 0.8292069 0.08268201 1.2239373 0.14780247 4.1609755 0.27765477 11053.251686619426 3690096752.528659 2259083049.8594193 3.7815265706583383 25044488386.828465 0.0 1.7409088906175958 -99.0 0.6122015766419594 [0.9566650632590261,1.0102037035846951,1.1035029980145437,1.350581460609674,1.4940215432092572] [1716157537.2213387,1882931008.8329732,2055972133.2388759,2252195704.8717365,2325382241.591969] [9572074406.056673,15311112909.749924,25821284641.352127,31187675418.634693,33479990740.9489] [1.332062095117561,2.266874224992973,3.9899301367616653,4.879121618982255,5.238466688063149] [1.369591366561784,1.5046353279115674,1.656146517472541,1.766536651681461,1.8446000159373492] [6.960066270425421e-10,1.0331849795933144e-09,1.8122382516788063e-09,2.4401034467982714e-09,2.5553073639670914e-09] 0.22058417 0.011429548 0.85248166 0.096949846 2.0931776 0.36551684
176776 34.8006079 -4.8937784 -1.0 24 1.8016447 44.19505 0.0064664525 3828.055752116374 79157.48615416403 1.8016447 44.19505 0.0064664525 1.8009267 0.006559506 1.8009267 44.174313 1.7690426 1.7862666 1.809532 1.8488401 1.8939362 2.085164 0.06957638 4.1768394 0.08644819 6.0319076 0.46456647 16.420988 0.45444107 13669.50106910304 24979137161.382153 20654626152.35751 13.16015211798788 78287768922.49199 0.0 1.1912294390687017 -99.0 0.8268750845521455 [1.0930433233516315,1.1232260962968759,1.1951829215628997,1.2450821406782515,1.288299764984048] [17441022349.40521,18360773847.411484,20387794726.9185,24289257802.491222,27710128212.758694] [55180537984.56496,72759155595.8118,91385186526.38675,117101599223.88506,133690929429.44308] [9.724741717867436,12.088860700745414,14.836892358850628,18.70938173759961,21.96499465520731] [0.8559156345253818,1.0141602154867968,1.1535471283651653,1.3391713036523873,1.5760162345412572] [4.065720940144048e-10,5.24136776879599e-10,7.2363580900201e-10,9.318347116263479e-10,1.1643188835381928e-09] 1.0587916 0.026781261 4.45357 0.12344456 9.158613 0.2309184
30325 34.5248546 -5.4354349 -1.0 24 0.66988164 21.744257 0.0073676645 3828.055752116374 79157.48615416403 0.66988164 21.744257 0.0073676645 0.66520846 0.0069404915 0.66520846 21.194096 0.61664474 0.6651241 0.6712913 0.68587905 0.69990295 1.1021714 0.022211611 2.1566532 0.09281361 3.0956786 0.031024098 6.4233885 0.11995196 4036.632877663926 1875595663.4618979 2024876385.1268387 0.32244285082874286 1555923386.0387177 0.0 0.15126261734743457 -99.0 1.0795910998159404 [1.272502759728561,1.309188289186611,1.37002997888747,1.40747361866566,1.4292785932675844] [1917068509.234392,1989119662.5501902,2028592091.2276094,2091314282.9919815,2179424208.4820266] [769404287.445661,1067259920.2331989,1499076917.1727867,1993483466.8383982,2210631932.603252] [0.13498301967170848,0.20661027880642116,0.3089099294871104,0.42588447228701976,0.47768396435878074] [0.11315604787611276,0.12618161360655142,0.14899174438108534,0.17038145841567917,0.18237905984940458] [6.309826777243888e-11,1.0192359405334391e-10,1.5521317621133138e-10,2.022278025196585e-10,2.456806419915003e-10] 0.6340494 0.013174087 2.3053298 0.12943256 4.3184805 0.07643294
144029 34.5061754 -5.0138538 -1.0 24 3.6871517 47.22681 0.005398789 3828.055752116374 79157.48615416403 3.6871517 47.22681 0.005398789 3.7112362 0.004964695 3.7112362 47.464054 3.6099439 3.658406 3.70406 3.754621 3.8020942 1.4403932 0.12750989 3.0570734 0.31784368 4.073094 0.32494664 8.267112 1.2451925 32534.8573487192 57114145967.600266 36342447761.57326 7.574825082742614 41129155867.13002 0.0 0.452972925109109 -99.0 0.6363125482466221 [1.4560353743327197,1.5343495254173682,1.597217624364277,1.6349300091300065,1.659435678352301] [30158091325.538982,33233601618.950085,35668479672.11052,37593148617.56445,39861914456.31129] [26205382626.59831,29690636224.795166,38979927271.317535,101807185552.45627,153979696684.12714] [4.608254660979196,5.569876318129642,7.160540502023748,18.124310444488717,27.487684427361952] [0.23484527736621316,0.3562029349575272,0.4498171380314956,0.5791085536403124,0.6684600517993489] [1.278613694355105e-10,1.507118815046214e-10,1.9599987968286645e-10,5.862832691962953e-10,8.959308413647678e-10] 0.80195 0.06560245 3.230728 0.39377618 5.1580405 0.25245214
8418 34.7147097 -5.5175352 -1.0 16 1.4023309 32.56444 0.5828712 4447.9638671972125 57450.28623538123 1.4023309 32.56444 0.5828712 2.3870194 0.27029046 2.3870194 32.335968 1.3761159 1.4060874 2.3732836 2.476165 2.677828 0.7667354 0.02270034 1.3445451 0.10741466 1.7859914 0.13936216 8.03977 0.4862604 10038.092168443605 4651354266.810304 4931854414.96398 4.103539134373576 23773135038.03408 0.0 1.5742366999497046 -99.0 1.0603050492531136 [1.1350522559505227,1.1561723791503506,1.173902372239952,1.1981540412636618,1.2177065153509934] [4167028531.9659,4541114286.089095,4933378197.435819,5456272144.453458,5885638379.489909] [22055016442.80137,23490852899.438046,24462219571.073463,25779117326.018642,26931204505.34492] [3.860721488196824,4.06554709718001,4.202326915500194,4.36032854765625,4.492439099510128] [1.5178138062556523,1.5447926567826342,1.589957190495575,1.7000834456115788,1.8203512838336868] [7.165553696442525e-10,7.486276644483561e-10,8.406290630831709e-10,9.555719357217408e-10,1.0570588440950578e-09] 0.5062069 0.014061347 1.3843085 0.13253462 3.2664227 0.13850343
218048 34.1467256 -4.7347681 -1.0 22 2.4540472 49.97537 0.0017856965 3828.055752116374 79157.48615416403 2.4540472 49.97537 0.0017856965 2.4554417 0.0017871389 2.4554417 49.99787 2.4170322 2.4348133 2.4588099 2.4778748 2.4989676 2.3376298 0.09820986 3.040272 0.11186755 3.3531559 0.19819689 4.9099903 0.3743949 19938.59763248463 23963219534.59958 6470232295.851836 8.121116435748572 36939383603.755104 0.0 0.24058516098814725 -99.0 0.27000680298862656 [1.8047507203632933,1.8578697763351075,1.9177166322438,1.9466860563810091,1.9547208000239567] [5831697038.576308,6173568061.208577,6616769755.733723,7097986878.912944,7555392221.742363] [26272090793.636173,30275476072.2142,36478820626.458374,46980416643.40574,56955063252.76879] [5.739222455438542,6.709531833547562,8.005828012288273,10.100653486795284,11.915534308767885] [0.190228775864994,0.20737170155788556,0.2655206821550761,0.32453162020855686,0.3784348420338742] [7.727043098319832e-10,9.651383139224867e-10,1.1942122984288352e-09,1.6632500871043738e-09,2.037450584481346e-09] 1.4521136 0.04940474 3.0341678 0.13460827 3.8300638 0.9621769
