diffhtwo/experimental/data/feniks_test_data/feniks_zout_selected_for_testing.ecsv
# %ECSV 1.0
# ---
# datatype:
# - {name: id, datatype: int64}
# - {name: ra, datatype: float64}
# - {name: dec, datatype: float64}
# - {name: z_spec, datatype: float64}
# - {name: nusefilt, datatype: int64}
# - {name: z_ml, datatype: float32}
# - {name: z_ml_chi2, datatype: float32}
# - {name: z_ml_risk, datatype: float32}
# - {name: lc_min, datatype: float64, format: .1f}
# - {name: lc_max, datatype: float64, format: .1f}
# - {name: z_phot, datatype: float32}
# - {name: z_phot_chi2, datatype: float32}
# - {name: z_phot_risk, datatype: float32}
# - {name: z_min_risk, datatype: float32}
# - {name: min_risk, datatype: float32}
# - {name: z_raw_chi2, datatype: float32}
# - {name: raw_chi2, datatype: float32, format: 8.4f}
# - {name: z025, datatype: float32, format: 8.4f}
# - {name: z160, datatype: float32, format: 8.4f}
# - {name: z500, datatype: float32, format: 8.4f}
# - {name: z840, datatype: float32, format: 8.4f}
# - {name: z975, datatype: float32, format: 8.4f}
# - {name: restU, datatype: float32, format: .3f}
# - {name: restU_err, datatype: float32, format: .3f}
# - {name: restB, datatype: float32, format: .3f}
# - {name: restB_err, datatype: float32, format: .3f}
# - {name: restV, datatype: float32, format: .3f}
# - {name: restV_err, datatype: float32, format: .3f}
# - {name: restJ, datatype: float32, format: .3f}
# - {name: restJ_err, datatype: float32, format: .3f}
# - {name: dL, unit: Mpc, datatype: float64, format: .1e}
# - {name: Lv, unit: solLum, datatype: float64, format: .2e}
# - {name: mass, unit: solMass, datatype: float64, format: .2e}
# - {name: sfr, unit: solMass / yr, datatype: float64, format: .3f, description: SFR over last 100 Myr}
# - {name: LIR, unit: solLum, datatype: float64, format: .2e, description: IR luminosity = energy_abs}
# - {name: energy_abs, unit: solLum, datatype: float64, format: .2e}
# - {name: Av, datatype: float64, format: .2f}
# - {name: lw_age_V, unit: Gyr, datatype: float64, format: .2f}
# - {name: MLv, unit: solMass / solLum, datatype: float64, format: .2f}
# - {name: Lv_p, unit: solLum, datatype: string, format: .2e, subtype: 'float64[5]'}
# - {name: mass_p, unit: solMass, datatype: string, format: .2e, subtype: 'float64[5]'}
# - {name: LIR_p, unit: solLum, datatype: string, format: .2e, subtype: 'float64[5]'}
# - {name: sfr_p, unit: solMass / yr, datatype: string, format: .3f, subtype: 'float64[5]'}
# - {name: Av_p, datatype: string, format: .2f, subtype: 'float64[5]'}
# - {name: ssfr_p, unit: 1 / yr, datatype: string, format: .2e, subtype: 'float64[5]'}
# - {name: rest414, datatype: float32, format: .3f}
# - {name: rest414_err, datatype: float32, format: .3f}
# - {name: rest415, datatype: float32, format: .3f}
# - {name: rest415_err, datatype: float32, format: .3f}
# - {name: rest416, datatype: float32, format: .3f}
# - {name: rest416_err, datatype: float32, format: .3f}
# meta: !!omap
# - version: !!python/tuple [0.6.3, Eazy-py version]
# - prior: !!python/tuple [true, Prior applied (templates/prior_K_TAO.dat)]
# - betprior: !!python/tuple [true, Beta prior applied]
# - fitter: !!python/tuple [nnls, Optimization method for template fits]
# - {SYS_ERR: 0.01}
# - {TEMP_ERR_FILE: templates/template_error_10.def}
# - {TEMP_ERR_A2: 0.2}
# - {PRIOR_FILTER: 265.0}
# - {PRIOR_ABZP: 25.0}
# - {IGM_SCALE_TAU: 1.0}
# - {APPLY_IGM: y}
[...]
# - ZP259: !!python/tuple [1.009998, ZP offset in filter 259 (fcol_VIDEO_Ks)]
# - ZP265: !!python/tuple [1.0, ZP offset in filter 265 (fcol_UDS_K)]
# - ZP18: !!python/tuple [1.004935, ZP offset in filter 18 (fcol_ch1)]
# - ZP19: !!python/tuple [1.020487, ZP offset in filter 19 (fcol_ch2)]
# - ZP20: !!python/tuple [0.873884, ZP offset in filter 20 (fcol_ch3)]
# - ZP21: !!python/tuple [0.911839, ZP offset in filter 21 (fcol_ch4)]
# - FNUSCALE: !!python/tuple [3.630780547701009e-30, Scale factor to f-nu CGS]
# - COSMOL: !!python/tuple [null, Cosmological model]
# - COS_OM: !!python/tuple [0.3, Omega matter]
# - COS_OL: !!python/tuple [0.7, Omega lambda]
# - COS_H0: !!python/tuple [70.0, Hubble constant]
# - RF_PADW: !!python/tuple [0.5, pad_width for RF fluxes]
# - RF_PADM: !!python/tuple [2, max_err for RF fluxes]
# - name414: !!python/tuple [synthetic_u, Filter name]
# - pivot414: !!python/tuple [2897.6857795148794, 'Pivot wavelength, Angstrom']
# - name415: !!python/tuple [synthetic_g, Filter name]
# - pivot415: !!python/tuple [4498.510075460355, 'Pivot wavelength, Angstrom']
# - name416: !!python/tuple [synthetic_i, Filter name]
# - pivot416: !!python/tuple [7494.424634848719, 'Pivot wavelength, Angstrom']
# schema: astropy-2.0
id ra dec z_spec nusefilt z_ml z_ml_chi2 z_ml_risk lc_min lc_max z_phot z_phot_chi2 z_phot_risk z_min_risk min_risk z_raw_chi2 raw_chi2 z025 z160 z500 z840 z975 restU restU_err restB restB_err restV restV_err restJ restJ_err dL Lv mass sfr LIR energy_abs Av lw_age_V MLv Lv_p mass_p LIR_p sfr_p Av_p ssfr_p rest414 rest414_err rest415 rest415_err rest416 rest416_err
[from data line 44]
199593 34.2536689 -4.8051316 -1.0 22 1.0337932 11.134496 0.0061767967 3828.055752116374 79157.48615416403 1.0337932 11.134496 0.0061767967 1.0338902 0.006180306 1.0338902 11.13653 0.9792641 1.0090842 1.0334895 1.0562527 1.0792232 0.6926976 0.041009575 1.3114735 0.029442608 1.6557695 0.067732155 2.5873144 0.22760129 6884.323710275453 2395775680.305368 1309032902.307346 0.4830197021763297 1621879887.0657952 0.0 0.27144171969218134 -99.0 0.546392098838108 [1.5761376852647637,1.6364275635215892,1.6769992101364313,1.7258386022652428,1.7579230646305117] [1136012127.9124696,1234580880.2752235,1327959723.2013695,1423375454.1314054,1537007855.1541998] [701563095.5833784,742133701.015862,1204249833.5410874,2624777960.260591,3852032863.9390464] [0.26849488278037514,0.30761703766414533,0.40319998685271596,0.6169121658044878,0.8156255894693997] [0.16509710429419602,0.2054850532211591,0.29289610529466603,0.410084994856173,0.5187518391398424] [1.8387482624100568e-10,2.191574718498827e-10,3.1639134960954107e-10,4.894418061761277e-10,6.815647129969686e-10] 0.40320653 0.017442524 1.366565 0.041059613 2.090117 0.09769511
218389 34.8827367 -4.7307451 -1.0 22 1.033046 19.70114 7.742752e-06 3828.055752116374 45020.33785230743 1.033046 19.70114 7.742752e-06 1.0338902 1.1793685e-07 1.0338902 19.42554 1.0288359 1.0314529 1.0352048 1.0385758 1.0416297 2.6337836 0.0483706 4.4733734 0.039889574 5.629558 0.1407752 10.491211 0.45877314 6878.170870134967 8133988696.087824 5510519362.433289 2.395893792617757 10929201875.067596 0.0 0.23528644959407857 -99.0 0.677468283805664 [1.5146783163018993,1.5672921347981057,1.5970339793680517,1.6222641806932045,1.6514915695033094] [5115690536.285651,5334570632.2051,5527885302.320507,5746241046.162916,6400014043.935593] [10050854145.685465,10475974514.09544,10952995541.74022,11441185543.227636,11932769802.24395] [2.167669649259259,2.278352879273488,2.414043351991121,2.5414913053856343,2.657743511439952] [0.19452124546318839,0.19781828303501128,0.230511923502156,0.2624852395379305,0.28992400371870597] [3.9950508524344507e-10,4.1641523932223745e-10,4.3169811045532527e-10,4.515100429246475e-10,4.620468876169e-10] 1.738263 0.035776258 4.681514 0.04182768 7.421656 0.44884014
144654 34.4899926 -5.0116891 -1.0 24 1.5376496 34.510307 0.049337316 3828.055752116374 79157.48615416403 1.5376496 34.510307 0.049337316 1.5855812 0.03485932 1.5343833 34.268784 1.5270581 1.534966 1.5433375 1.6891191 1.7000961 1.5965408 0.032730162 2.7096539 0.09783852 3.991758 0.47315657 15.491221 1.1112828 11247.172553301303 12355200666.835468 11215058606.668798 15.298085422999593 92746132247.9077 0.0 1.5535641056827592 -99.0 0.9077196647054787 [0.9399829617369837,0.980431678086638,1.0250826348054254,1.0405816701904174,1.0461151782571836] [8340595662.84668,9570646661.577772,11069607930.265406,13274751437.656504,14513129418.163548] [90057615513.69897,92566038291.43669,95856589143.63895,99402186170.14143,103702408202.75671] [14.911931466431717,15.286854861088242,15.611729382548171,16.097500617369587,16.629370816718854] [1.4786579320886866,1.509247842018184,1.6122408010605636,1.7886418024239703,1.8743325312384063] [1.0986814728195495e-09,1.1842614919440447e-09,1.3662664204414149e-09,1.6534517382710668e-09,1.971837256106495e-09] 0.85589993 0.020647079 2.7534838 0.12062478 7.2267284 0.87766266
58907 34.6218304 -5.3304053 -1.0 24 0.8786493 23.496119 0.007856983 3828.055752116374 79157.48615416403 0.8786493 23.496119 0.007856983 0.8588357 0.0070575806 0.87751734 23.365686 0.82119673 0.87630886 0.88088423 0.8847729 0.88936514 1.0980003 0.04893613 2.10486 0.0315516 2.8863044 0.084551096 7.485089 0.16024995 5631.708554108898 3025570669.455553 2656738219.7693334 1.336903798541114 8210913991.4485855 0.0 1.0777283184881132 -99.0 0.8780949149825706 [0.9793313065718765,1.0668234097920857,1.184624320266122,1.2377978630224278,1.2880013829601649] [2298758557.3286,2711970804.488486,3222846706.7181263,3619773347.567524,4008843983.2865567] [5943923460.975122,7326159810.261374,9337186345.293873,11883520390.072025,14872112001.523787] [0.9520768942046102,1.1727768516894679,1.4551917450136826,1.818267664151608,2.1328173132392894] [0.7519873559088266,0.9349915511852777,1.215853771167994,1.4492936955340747,1.5791636507395983] [2.785355575872293e-10,3.552952394875947e-10,4.596898786663725e-10,5.998971395379718e-10,7.659925589660959e-10] 0.6172904 0.014973432 2.2752008 0.05067289 4.539196 0.39532137
86058 34.7455093 -5.2260836 -1.0 24 1.3624321 11.243228 0.03729425 3828.055752116374 79157.48615416403 1.3624321 11.243228 0.03729425 1.3395306 0.03570447 1.3630433 11.242473 1.1926303 1.2778244 1.3544723 1.4081028 1.4645736 0.24557963 0.014523849 0.58632326 0.041220635 0.889807 0.06364429 3.8032193 0.18925548 9686.326253384048 2194245295.164856 2351098403.650631 0.8820667123253453 7165087409.349388 0.0 2.0015318285389903 -99.0 1.071483853164188 [0.9290110930105983,1.0078287118632767,1.1177471313524225,1.188075311985152,1.2251782584049553] [2003847357.9064884,2170527441.7009645,2559069941.9148026,3671242033.0224247,4374878491.693301] [587890789.5982485,2609352635.1729755,6505630698.2246685,10948732462.573238,13555803612.873632] [0.005157911085554616,0.2717799480620451,0.7914646887602026,1.3742446497554646,1.7083930507427265] [1.0697775549291475,1.4094981628313568,1.9707056688951623,2.237478147565645,2.3712553243052183] [1.2325221008495564e-12,7.855508761861892e-11,3.2318885840960164e-10,6.239437642564054e-10,7.231954037669462e-10] 0.11812118 0.008671828 0.6413849 0.0448052 1.6774462 0.10632688
155907 34.3338833 -4.9696863 2.6271 24 2.865511 17.947184 0.058546793 3828.055752116374 79157.48615416403 2.6271 19.500061 0.08875422 2.7808557 0.038196236 2.857234 17.995922 2.5843742 2.6363914 2.8069105 2.8989782 2.9424474 1.5449808 0.079321206 3.5889406 0.14924836 4.955042 0.15951276 10.320001 0.40376663 21655.474133004805 39778986313.340294 39282692744.45202 7.839554476964875 42975761053.12223 0.0 0.38653855167755263 -99.0 0.9875237250899519 [0.9791873265160267,1.132882833817404,1.234317811968332,1.3088247017245918,1.3485704520711734] [28339037877.69585,36827823680.83026,45028343649.68713,55544594168.123276,59622575422.13429] [28565523103.953697,29741254364.229065,49030029924.25466,108916973394.77824,167582299690.03503] [4.702153830356902,5.4224064690643505,8.737802685619522,16.321041532881075,24.122687039856064] [0.18183068761731624,0.2687478617124062,0.46567265886515513,0.9786996024856988,1.237333566697748] [8.163805234958961e-11,1.0607260592551379e-10,2.076186220578622e-10,4.1402031403372694e-10,5.907035543319044e-10] 0.8804899 0.049001485 3.8581085 0.13483739 6.8954043 0.41649318
182993 34.194323 -4.8700315 -1.0 17 0.84913176 14.9114895 0.002910973 4447.9638671972125 79157.48615416403 0.84913176 14.9114895 0.002910973 0.8588357 0.003804125 0.84033996 15.500536 0.8208093 0.8356981 0.8503018 0.86610013 0.8808067 1.7236515 0.105944276 3.037638 0.04954827 4.052085 0.09645748 8.202042 0.13687992 5399.4448353769185 3966791743.2903233 2196657013.802247 1.5720346792827105 9025634173.36954 0.0 0.8339406411782496 -99.0 0.5537616179417053 [1.2610917180715955,1.3072879571759595,1.403843570506548,1.4656072136595453,1.4919518533895821] [2055339837.6873896,2315750884.672956,2667546049.1882987,3164679957.8733053,3988092589.7458706] [6509331968.281043,7709500001.351491,8938951080.121101,10003178488.128298,11538547597.784554] [1.1655904425667158,1.3543350770600393,1.55790925900536,1.7137400789950745,1.9206011721751526] [0.3688233455704554,0.5827803297904641,0.7649545043552789,0.8625796859512169,0.9536719738084394] [3.062396995771158e-10,4.38061539413054e-10,5.789424435134519e-10,7.460803118212443e-10,8.765216730369422e-10] 1.0829139 0.019297779 3.1890876 0.107601404 5.404332 0.76478195
239751 34.7602361 -4.662246 -1.0 23 0.6393723 14.767263 0.0010155286 4447.9638671972125 79157.48615416403 0.6393723 14.767263 0.0010155286 0.63223517 0.0011568916 0.63223517 15.615232 0.62678385 0.6301002 0.6345479 0.65011567 0.65434206 0.72536284 0.014723837 1.3127218 0.024133444 1.7418101 0.026614785 2.6856318 0.0859741 3813.616061571266 959461686.21344 613494711.6419634 0.20145897735375648 941555562.8475374 0.0 0.17141404058404167 -99.0 0.6394155394189305 [1.5100773336128064,1.536505405596718,1.5586472980886534,1.5902180885594648,1.6098974051802892] [557502584.3012689,585816099.9775784,609586338.2807252,641906607.9863794,673248122.4861617] [620379587.28503,777141854.8856336,915931622.9008749,1027402453.8432442,1081720980.9866939] [0.1239883738185308,0.1623043296051293,0.19521657617362706,0.2226723903205288,0.23505935126247848] [0.13963771154944463,0.1544086149724226,0.16818233352475492,0.18023146482907051,0.18493737765085547] [1.8838071225808162e-10,2.6015354137779874e-10,3.1709569853318574e-10,3.7010215448782163e-10,4.025706160750938e-10] 0.41204607 0.015165433 1.3781972 0.029396296 2.2075756 0.064784884
114739 34.2497041 -5.121294 -1.0 24 2.0718567 9.344531 0.089094445 3828.055752116374 79157.48615416403 2.0718567 9.344531 0.089094445 2.0342076 0.082424715 2.064702 9.397433 1.6378772 1.8579534 2.0499287 2.1109066 2.1932602 0.664629 0.07762638 1.9607319 0.111685395 3.6951902 0.124449134 14.658365 0.46556377 16222.71496835015 19656826022.763767 48793515636.856674 0.0307130022346806 5869891329.991579 0.0 0.9677697231784065 -99.0 2.482268275679446 [0.7557874072887076,0.7849049622183973,0.8392625185389575,0.8844601362397726,0.9148202449995283] [46530541036.40497,50257844719.380325,54204407591.282135,62267824722.16615,69165253136.5912] [4423155616.760122,5065111088.736446,5980729854.53005,7775891788.084866,8306061724.832009] [0.021901886610310454,0.02357275584932888,0.029616091697258973,0.04039660083670668,0.043344617706459504] [0.5747271985048267,0.6748612946475718,0.8159862429153912,0.9406100021025904,1.0282472749460418] [3.2446830942329057e-13,3.8266829737873906e-13,5.854807271959626e-13,7.568607408744414e-13,8.041131982913736e-13] 0.2023389 0.019268446 2.2391307 0.18850708 6.7085385 0.2079153
116783 34.4275504 -5.1119473 -1.0 24 0.8191774 60.402573 0.00012074453 3828.055752116374 79157.48615416403 0.8191774 60.402573 0.00012074453 0.8220283 1.7257475e-05 0.8220283 60.305332 0.81196404 0.8173187 0.8218059 0.8256164 0.82918173 5.459361 0.06686354 17.065203 0.11875439 33.41827 0.22934532 113.03229 1.4870605 5165.883303383461 30438875022.959908 93089519920.09946 0.031160369736355376 5599954578.916339 0.0 0.32813973484634995 -99.0 3.058244427557932 [0.7896668652322938,0.7933560267207392,0.7967617022658842,0.8016995162887922,0.8048174427258371] [91042069302.65668,91838992313.992,93260170819.84628,94349380366.66455,95083880731.02194] [5356551702.433077,5483119382.562204,5589541064.27322,5710400552.290811,5809891421.065989] [0.030393085423916402,0.03065583459166308,0.03112812938570083,0.03152867590083099,0.032007737798488166] [0.2766007453043743,0.30122619989319677,0.3265318451863354,0.35087180022336634,0.37586742519354216] [3.197945422889063e-13,3.255203453532367e-13,3.3301372720732156e-13,3.432261037797864e-13,3.523697885013603e-13] 1.4919633 0.026301801 20.102993 0.19242859 60.14144 5.5947304
161633 34.6454207 -4.9492611 -1.0 13 1.4262048 13.686553 0.0037383991 6505.447862679451 79157.48615416403 1.4262048 13.686553 0.0037383991 1.4350086 0.0041723796 1.4350086 13.814405 1.3833755 1.4038146 1.426829 1.4494624 1.4724679 2.0551157 0.046642303 2.9369464 0.103399634 3.1508076 0.49098194 3.4727695 0.2890538 10249.637925975925 8471143543.696793 1938138160.9750915 3.7111264441249796 11460430141.597979 0.0 0.25859214057680835 -99.0 0.22879297830069484 [1.9954889087015477,2.056244521896315,2.093772344084984,2.1238553295623634,2.1543971199291554] [1719374456.286988,1837767074.9881852,1958197327.5969243,2053690250.4606247,2151602596.0172253] [7212540016.1625395,8526666528.281179,10780260931.436169,13235347538.652355,16636755030.20408] [2.7586961576558298,3.0778752936360902,3.5225184211902345,4.116947555335664,4.812803119220845] [0.1550330629722807,0.19027604683020857,0.24366465520821728,0.29603205681930894,0.36674077648907527] [1.2972639580898576e-09,1.5006704618910208e-09,1.804333042923645e-09,2.24311421845514e-09,2.7740958047605746e-09] 1.4777883 0.018889606 2.9059894 0.24253178 3.1268084 0.10813475
203157 34.7613452 -4.7895832 -1.0 24 1.4711425 63.924286 0.0009985233 3828.055752116374 79157.48615416403 1.4711425 63.924286 0.0009985233 1.459481 6.230205e-06 1.459481 56.481754 1.4499171 1.4512912 1.4547454 1.458084 1.4594096 3.1348758 0.038825274 5.6527348 0.1713264 7.6301 0.65699697 19.259455 1.3286705 10649.92381864721 21744826488.02464 11684569192.06255 19.49660614894321 121788531720.19226 0.0 1.2396408025574905 -99.0 0.5373493873817528 [1.1456834738463708,1.18061946683302,1.224185849121091,1.2440055878791711,1.2831260201918606] [10141993772.960615,10665292951.304138,11790494768.910847,13452970141.812847,14879348789.045475] [113080712430.23148,117087701436.09381,121962735302.07397,127547150456.24445,134830293244.83362] [18.036464674612372,18.67085448456888,19.515227489381523,20.49086027629098,21.35921173119514] [1.1550430449326121,1.1873818697495946,1.2603044949322975,1.3723497192594274,1.470289125748743] [1.3402986386449565e-09,1.4725149382971048e-09,1.6642300384683807e-09,1.8218294729472352e-09,1.9485114082744766e-09] 1.6378332 0.034034133 5.7629943 0.14126706 12.172523 1.129271
198617 34.5805967 -4.8084808 -1.0 18 1.7560006 4.3559127 0.024737362 3828.055752116374 79157.48615416403 1.7560006 4.3559127 0.024737362 1.7454647 0.024137665 1.7454647 4.4318604 1.5858608 1.68676 1.7526789 1.8078734 1.8539499 1.2591738 0.118596256 2.2493541 0.66794956 2.7926047 0.16859555 4.997283 0.388798 13245.20557267596 11037688173.43726 5264716918.652626 5.238945095240167 28745230304.167213 0.0 0.6207983729560653 -99.0 0.4769764135321766 [1.4242605785177989,1.4636896870253684,1.5524635386876895,1.6419886298845559,1.7486055509826595] [4611414132.995187,4948477705.923543,5282923219.464452,5652401191.043023,5878230873.143483] [12118540110.692741,19739799417.83037,28420480121.85256,37377373003.690216,43191697087.42118] [2.0897872168364775,3.5548003763634104,5.226589280756082,6.832952505451406,7.901852241072318] [0.49719111632317514,0.5593637961806603,0.6306640942291757,0.6760202663701357,0.7235485056535065] [3.742393849462367e-10,6.376433196472889e-10,9.927161394622607e-10,1.3522771422953928e-09,1.6950020816475035e-09] 0.7355005 0.019447953 2.3053699 0.0649215 3.619205 0.122751355
