diffhtwo/experimental/data/feniks_test_data/feniks_zout_selected_for_testing.ecsv
# %ECSV 1.0
# ---
# datatype:
# - {name: id, datatype: int64}
# - {name: ra, datatype: float64}
# - {name: dec, datatype: float64}
# - {name: z_spec, datatype: float64}
# - {name: nusefilt, datatype: int64}
# - {name: z_ml, datatype: float32}
# - {name: z_ml_chi2, datatype: float32}
# - {name: z_ml_risk, datatype: float32}
# - {name: lc_min, datatype: float64, format: .1f}
# - {name: lc_max, datatype: float64, format: .1f}
# - {name: z_phot, datatype: float32}
# - {name: z_phot_chi2, datatype: float32}
# - {name: z_phot_risk, datatype: float32}
# - {name: z_min_risk, datatype: float32}
# - {name: min_risk, datatype: float32}
# - {name: z_raw_chi2, datatype: float32}
# - {name: raw_chi2, datatype: float32, format: 8.4f}
# - {name: z025, datatype: float32, format: 8.4f}
# - {name: z160, datatype: float32, format: 8.4f}
# - {name: z500, datatype: float32, format: 8.4f}
# - {name: z840, datatype: float32, format: 8.4f}
# - {name: z975, datatype: float32, format: 8.4f}
# - {name: restU, datatype: float32, format: .3f}
# - {name: restU_err, datatype: float32, format: .3f}
# - {name: restB, datatype: float32, format: .3f}
# - {name: restB_err, datatype: float32, format: .3f}
# - {name: restV, datatype: float32, format: .3f}
# - {name: restV_err, datatype: float32, format: .3f}
# - {name: restJ, datatype: float32, format: .3f}
# - {name: restJ_err, datatype: float32, format: .3f}
# - {name: dL, unit: Mpc, datatype: float64, format: .1e}
# - {name: Lv, unit: solLum, datatype: float64, format: .2e}
# - {name: mass, unit: solMass, datatype: float64, format: .2e}
# - {name: sfr, unit: solMass / yr, datatype: float64, format: .3f, description: SFR over last 100 Myr}
# - {name: LIR, unit: solLum, datatype: float64, format: .2e, description: IR luminosity = energy_abs}
# - {name: energy_abs, unit: solLum, datatype: float64, format: .2e}
# - {name: Av, datatype: float64, format: .2f}
# - {name: lw_age_V, unit: Gyr, datatype: float64, format: .2f}
# - {name: MLv, unit: solMass / solLum, datatype: float64, format: .2f}
# - {name: Lv_p, unit: solLum, datatype: string, format: .2e, subtype: 'float64[5]'}
# - {name: mass_p, unit: solMass, datatype: string, format: .2e, subtype: 'float64[5]'}
# - {name: LIR_p, unit: solLum, datatype: string, format: .2e, subtype: 'float64[5]'}
# - {name: sfr_p, unit: solMass / yr, datatype: string, format: .3f, subtype: 'float64[5]'}
# - {name: Av_p, datatype: string, format: .2f, subtype: 'float64[5]'}
# - {name: ssfr_p, unit: 1 / yr, datatype: string, format: .2e, subtype: 'float64[5]'}
# - {name: rest414, datatype: float32, format: .3f}
# - {name: rest414_err, datatype: float32, format: .3f}
# - {name: rest415, datatype: float32, format: .3f}
# - {name: rest415_err, datatype: float32, format: .3f}
# - {name: rest416, datatype: float32, format: .3f}
# - {name: rest416_err, datatype: float32, format: .3f}
# meta: !!omap
# - version: !!python/tuple [0.6.3, Eazy-py version]
# - prior: !!python/tuple [true, Prior applied (templates/prior_K_TAO.dat)]
# - betprior: !!python/tuple [true, Beta prior applied]
# - fitter: !!python/tuple [nnls, Optimization method for template fits]
# - {SYS_ERR: 0.01}
# - {TEMP_ERR_FILE: templates/template_error_10.def}
# - {TEMP_ERR_A2: 0.2}
# - {PRIOR_FILTER: 265.0}
# - {PRIOR_ABZP: 25.0}
# - {IGM_SCALE_TAU: 1.0}
# - {APPLY_IGM: y}
[...]
# - ZP259: !!python/tuple [1.009998, ZP offset in filter 259 (fcol_VIDEO_Ks)]
# - ZP265: !!python/tuple [1.0, ZP offset in filter 265 (fcol_UDS_K)]
# - ZP18: !!python/tuple [1.004935, ZP offset in filter 18 (fcol_ch1)]
# - ZP19: !!python/tuple [1.020487, ZP offset in filter 19 (fcol_ch2)]
# - ZP20: !!python/tuple [0.873884, ZP offset in filter 20 (fcol_ch3)]
# - ZP21: !!python/tuple [0.911839, ZP offset in filter 21 (fcol_ch4)]
# - FNUSCALE: !!python/tuple [3.630780547701009e-30, Scale factor to f-nu CGS]
# - COSMOL: !!python/tuple [null, Cosmological model]
# - COS_OM: !!python/tuple [0.3, Omega matter]
# - COS_OL: !!python/tuple [0.7, Omega lambda]
# - COS_H0: !!python/tuple [70.0, Hubble constant]
# - RF_PADW: !!python/tuple [0.5, pad_width for RF fluxes]
# - RF_PADM: !!python/tuple [2, max_err for RF fluxes]
# - name414: !!python/tuple [synthetic_u, Filter name]
# - pivot414: !!python/tuple [2897.6857795148794, 'Pivot wavelength, Angstrom']
# - name415: !!python/tuple [synthetic_g, Filter name]
# - pivot415: !!python/tuple [4498.510075460355, 'Pivot wavelength, Angstrom']
# - name416: !!python/tuple [synthetic_i, Filter name]
# - pivot416: !!python/tuple [7494.424634848719, 'Pivot wavelength, Angstrom']
# schema: astropy-2.0
id ra dec z_spec nusefilt z_ml z_ml_chi2 z_ml_risk lc_min lc_max z_phot z_phot_chi2 z_phot_risk z_min_risk min_risk z_raw_chi2 raw_chi2 z025 z160 z500 z840 z975 restU restU_err restB restB_err restV restV_err restJ restJ_err dL Lv mass sfr LIR energy_abs Av lw_age_V MLv Lv_p mass_p LIR_p sfr_p Av_p ssfr_p rest414 rest414_err rest415 rest415_err rest416 rest416_err
[from data line 87]
204435 34.4376617 -4.7848114 -1.0 24 1.3357615 19.26773 0.0006469339 3828.055752116374 79157.48615416403 1.3357615 19.26773 0.0006469339 1.3395306 0.00068009645 1.3395306 19.46336 1.3156744 1.3314742 1.3417511 1.3484944 1.3581976 1.7181296 0.027604163 3.2013292 0.085802555 4.393618 0.13046312 10.645904 0.5980792 9452.459286552476 10435516116.72558 10528492658.50369 5.904349259098564 32116650217.331482 0.0 0.5755859348789152 -99.0 1.0089096256225498 [1.1982136127341103,1.2130525856970644,1.2422077136929865,1.2768809672025674,1.2977518026417514] [9462233665.642794,9861511817.61703,10387773521.372562,11028941184.422285,11354165819.622086] [23680041010.206806,28759801783.99947,32388515096.80107,37006853843.5506,39316222793.39437] [4.510084462972095,5.3275061194427,5.941174481490532,6.735566003018413,7.093140833180045] [0.4921181358898423,0.5319631287425494,0.5821637280203558,0.6394615173621689,0.682840873136003] [4.2041716634828265e-10,5.038843154319926e-10,5.691749296954833e-10,6.504799465087646e-10,7.07446574454484e-10] 0.98955 0.019389778 3.3932436 0.11807859 6.8447003 0.32303357
95482 34.7629112 -5.19135 -1.0 24 0.85122555 11.915631 0.005125797 3828.055752116374 79157.48615416403 0.85122555 11.915631 0.005125797 0.84033996 0.004290851 0.8588357 11.793094 0.80689603 0.8246084 0.8434485 0.8591908 0.87307227 0.6970023 0.020037621 1.7126541 0.021813989 2.915126 0.07581329 8.7614155 0.2430172 5415.852066583941 2867887378.7135615 4762295323.548049 0.4221246049559219 3698876550.1361613 0.0 0.7675319690414252 -99.0 1.6605586951898563 [0.9765380826539078,0.9961062697171504,1.0199356810293772,1.0523833575950687,1.0942040837258251] [3781626324.436062,4204287557.075907,4825792742.77269,5184830770.013375,5431507108.58154] [1019644577.3373238,1612896610.9750645,3728891486.721633,6021742671.930504,7143028297.697766] [0.05290619685115765,0.1838709440949857,0.4476936883467574,0.7333750942319411,0.8717230351726467] [0.4343381107623905,0.5490459315959137,0.7556663038808766,0.9667787187643548,1.049712486669284] [1.0014605516326801e-11,3.467311009675064e-11,9.538344784602405e-11,1.7076355983157176e-10,2.1360667393904949e-10] 0.29050988 0.013598844 1.9128922 0.035396338 5.061618 0.4109044
53763 34.464908 -5.3501368 -1.0 24 0.9432981 31.021273 0.002296925 3828.055752116374 79157.48615416403 0.9432981 31.021273 0.002296925 0.95414025 0.0033729179 0.93469626 31.243265 0.91784805 0.931247 0.94399166 0.95797455 0.974767 0.70559984 0.014598399 1.2703286 0.020999491 1.4394677 0.05557376 1.9217243 0.087376416 6147.395086508778 1738101805.7350633 771806061.8204687 0.3570875173546295 729519997.4407883 0.0 0.09067738883181528 -99.0 0.4440511247809578 [1.8014115650064175,1.8263044246396507,1.8675501054627683,1.9010889257434247,1.9262372068159819] [715302267.2234044,735129434.0456287,763644880.9580796,794172449.0307424,821257693.5937805] [641258176.7233411,673786328.4469862,722230399.6255596,783422731.6919272,826278870.2933812] [0.3000776857198622,0.32107362266407335,0.35252291117162593,0.39218686775403433,0.4198928363600527] [0.08287106524984718,0.08553382690099108,0.08976617567037845,0.09374711185348998,0.09728459768785891] [4.0084795689593307e-10,4.3054412682438765e-10,4.606202851863016e-10,5.030875624071536e-10,5.267380065149205e-10] 0.4597987 0.0114501715 1.3052416 0.024434268 1.8789127 0.07496488
98110 34.1880793 -5.1801338 -1.0 22 0.7512461 16.581978 0.0066491785 3828.055752116374 79157.48615416403 0.7512461 16.581978 0.0066491785 0.75058556 0.006752977 0.75058556 16.563602 0.7178243 0.73551166 0.75677323 0.779605 0.7910206 0.49121597 0.014087826 1.6255975 0.03640598 3.7878113 0.05595267 22.32424 0.25617123 4644.590836397579 2897120556.603647 14129995786.555986 1.1935530754329047 11044253870.209152 0.0 1.7262991634111968 -99.0 4.877255022870317 [0.5032432088482893,0.5184280875757602,0.5359516997051181,0.5505464952933807,0.5697840723049947] [13044321168.325434,13515041248.248407,14061674205.635265,14838589528.768385,15203568064.987011] [5768651647.805231,7941674137.491841,11234974423.946253,13592036672.46986,17633908645.096874] [0.48873673666585965,0.7834781781318685,1.232421825392965,1.536748999838878,2.084246593082548] [1.5054521819245361,1.610597045894405,1.7318217390078354,1.828739546651172,1.937326784782891] [3.276057100082246e-11,5.373642093494085e-11,8.719331677729869e-11,1.1248114885079486e-10,1.57685333128319e-10] 0.12927097 0.01121597 1.8902216 0.09203637 9.076292 0.12992859
191710 34.7288412 -4.8347237 -1.0 14 0.8211703 38.064697 0.005348574 4447.9638671972125 79157.48615416403 0.8211703 38.064697 0.005348574 0.8220283 0.0052147545 0.8220283 38.06758 0.8020763 0.80913836 0.82445043 0.84832466 0.86351025 1.15021 0.021053076 2.0273526 0.035393953 3.2520273 0.19008267 18.410614 0.2230587 5181.354042643786 2976601432.8597274 5373990702.517192 2.757486281751822 16743899539.988825 0.0 1.6901718194325894 -99.0 1.805411582213144 [0.9655310957985769,0.9741804656195838,0.9820024573139337,0.9900424974163888,1.0058359383289963] [4982165682.689957,5164889206.220362,5383683473.547341,5613751594.015083,5833480777.354554] [13704199936.609869,15539113516.749294,16761117802.404797,18099810915.015774,19001993985.061104] [2.282359303176368,2.5684979363111444,2.7613634332866743,2.9685825907846457,3.109009488838165] [1.5979567411709972,1.6479799623798557,1.6939731110325897,1.7302628690271322,1.780057953971827] [3.948983191053763e-10,4.624138473824412e-10,5.160746472940138e-10,5.757761026058895e-10,6.196972938026375e-10] 0.684133 0.022553653 2.1065109 0.18689156 6.5872717 3.834706
102722 34.2291986 -5.1646136 -1.0 24 2.3200052 12.111815 0.035597358 3828.055752116374 79157.48615416403 2.3200052 12.111815 0.035597358 2.319952 0.03560189 2.319952 12.11226 2.1448557 2.2439432 2.3315217 2.4425402 2.5302196 1.1006612 0.082509995 2.2731657 0.20479035 3.8439634 0.4651128 12.335276 0.39427996 18622.799884294545 24932218378.231354 28004221122.43226 21.47757959215854 141932427041.63074 0.0 1.5641964114886067 -99.0 1.123214176035098 [0.8299615753654589,0.895790335630631,0.9618833030758545,1.0034583682429523,1.076123758720892] [22405364198.812954,25095241781.164158,32162935850.901443,36482306775.45297,46536239137.6427] [69603696789.67053,95071825694.63548,108309178959.07985,131399169194.1919,174701898723.56662] [9.771005173100205,13.778090905219564,16.262453754107995,19.484409468006152,24.048568770934445] [0.8777898220535381,1.0607397272048575,1.3050195679146328,1.6403826602856444,1.7857866857237004] [2.7247204537700364e-10,4.0482413908553533e-10,5.193050258917739e-10,6.654051384302919e-10,8.764991134443015e-10] 0.50170124 0.032001615 2.4543355 0.30493355 7.223644 0.4974494
13030 34.2741172 -5.496497 -1.0 22 0.37278324 15.440206 0.0008615873 3828.055752116374 79157.48615416403 0.37278324 15.440206 0.0008615873 0.37705937 0.0010758077 0.37705937 15.481485 0.36050934 0.36659065 0.37331253 0.37827575 0.38236153 6.5840406 0.1442833 15.814184 0.5693579 28.262949 0.313982 84.68678 1.3783569 1999.2142380050952 5109338976.643924 10780490598.24976 0.9101944751946416 4029378098.0505695 0.0 0.4631840928513015 -99.0 2.1099579901686107 [0.8800067371827884,0.9026252440693355,0.9384560812560483,0.9628183757909985,0.9743662875608585] [9489689953.969091,10184817148.07576,10800137986.016663,11730698938.138813,12696282315.989513] [3230463549.430391,3861789753.0927277,4972679110.216946,7635118992.240708,11581861923.394623] [0.7648782988362132,0.8458820374117794,1.0139032490645934,1.3722710146316244,1.9873803314466356] [0.4455685470844763,0.47374726167831693,0.5382773777152963,0.6464419208749045,0.7067720182613721] [6.208251075685572e-11,7.476502401197413e-11,9.361239491615863e-11,1.3399463058151523e-10,1.770291194153348e-10] 2.9934657 0.105876684 17.847729 1.2127943 48.260265 0.49246597
72405 34.8883966 -5.2795236 -1.0 24 0.64875746 18.156784 0.004143135 3828.055752116374 79157.48615416403 0.64875746 18.156784 0.004143135 0.6486394 0.0041719344 0.6486394 18.179585 0.64340883 0.6468697 0.65102017 0.67986894 0.6849081 0.72369206 0.02583465 1.1567619 0.06999844 1.5173334 0.026960611 2.6062071 0.17370892 3881.9201983147445 861088906.6498036 547206358.5392421 0.29225065643946535 1312135861.8107052 0.0 0.2991762790284289 -99.0 0.6354818350502633 [1.3900316496073686,1.4372295559849018,1.5128083350800658,1.606449045825148,1.716855797010818] [492100992.5039064,531313323.351003,637354746.2716875,807966906.0347669,894437647.9782808] [698648574.3643126,887399964.9827907,1134364300.6027703,1322032220.14581,1464894686.50917] [0.14521940525502747,0.19111781278795603,0.24936409846186408,0.29468032762142193,0.32983808699845263] [0.14688300403140947,0.16647906144684746,0.2641039264276388,0.37061346894542574,0.4262800873164656] [1.6762413684436653e-10,2.340318202982633e-10,4.0933519825521033e-10,5.293352259978039e-10,5.987182632132212e-10] 0.46858317 0.016997665 1.190116 0.054130197 1.9145025 0.06420839
239901 34.830555 -4.6537214 -1.0 17 2.050371 7.472642 0.0018066433 3828.055752116374 45020.33785230743 2.050371 7.472642 0.0018066433 2.064702 0.0026002557 2.064702 7.4915314 2.0174668 2.0329862 2.0521512 2.0721548 2.0951624 2.673664 0.34118998 5.563682 0.2183907 9.02339 0.5277791 30.225128 1.542572 16017.268874708489 47122085352.08137 55827213755.33974 45.65705774002275 294210894539.1077 0.0 1.3298280405773655 -99.0 1.1847356359171373 [0.8160338819187635,0.8740781586145965,0.9311628720539915,1.0005048297446142,1.0679390689262416] [39689292004.44805,42826889335.72939,55564778764.65709,74829889992.86218,88474252043.75581] [177035242185.69028,228239565898.785,317091143204.4106,403860587266.59937,456464498660.7784] [27.337005200952376,35.074099035873004,48.52428084420096,61.49193792795551,68.85637120133788] [1.1353755164213044,1.3056012273593893,1.4695035924453106,1.6245826556882974,1.8134787216970296] [3.6705135130710657e-10,5.104537013312588e-10,9.148859303228532e-10,1.354819966248211e-09,1.6736201611970635e-09] 1.2238528 0.03661257 5.954489 0.59626365 14.704883 0.3639841
129243 34.0383214 -5.0677181 -1.0 9 1.0447384 1.2204832 0.021288533 4797.3468847228005 79157.48615416403 1.0447384 1.2204832 0.021288533 1.0749775 0.014307977 1.0543312 1.7859349 1.0311413 1.0496517 1.069166 1.1135032 1.1625879 2.3587055 0.5715102 4.7508974 7.3404083 7.216423 1.9993238 24.042583 2.4418173 6974.576908930319 10659835011.196493 10573257444.352266 15.378475467613095 98434714958.14304 0.0 1.4930939392044664 -99.0 0.9918781513266114 [0.83828224945187,0.854494551334173,0.8735396614720625,0.8907232475306708,0.9019145710735833] [7869875790.662063,8943833440.905737,10746282283.486248,12767494126.0828,14541694825.387945] [83112399787.72444,90469343671.26172,98497276182.30832,109180704590.81728,113205624120.25336] [13.09453690243937,14.236705640836277,15.287420145310683,16.90210028765045,17.45946163426397] [1.32987059788453,1.3854182031532052,1.5145706752258667,1.6610592022367567,1.790859775945027] [9.015983173458206e-10,1.1023389013734656e-09,1.4086369735760802e-09,1.8686237587135223e-09,2.151681672252092e-09] 1.0997181 2.4396067 5.035539 8.565153 12.003422 0.6869345
72143 34.5801827 -5.2794718 -1.0 22 0.55464983 34.3586 0.0024585507 3828.055752116374 79157.48615416403 0.55464983 34.3586 0.0024585507 0.5526301 0.0025223172 0.5526301 34.382404 0.531792 0.5431514 0.55468434 0.56643474 0.5776112 1.0891302 0.016817093 2.8450813 0.033835173 4.8675976 0.047035456 11.901769 0.17606544 3209.6321387816724 2002733274.87909 3194973876.5485315 0.0926251971895673 896694411.2782712 0.0 0.3446257663956025 -99.0 1.5953067323662558 [1.0027290139565637,1.0124145632322914,1.0327427384146515,1.0535097876377642,1.063086375504396] [3093896466.29234,3128365647.1581,3181182264.180155,3239249770.389235,3323782294.746643] [321981174.4326693,333019583.54562837,846407720.6226279,1464333075.5677447,2155319228.2014465] [0.002926029748715544,0.003033678012942226,0.08454078315547361,0.18179918984284096,0.2907824720614759] [0.2799710378452444,0.30532496255684793,0.3492960571589946,0.3873630412680417,0.4301759175328041] [9.014499022401345e-13,9.69343528464776e-13,2.6430459554464628e-11,5.6804001956542984e-11,9.195036257498095e-11] 0.35070568 0.0087661445 3.2537181 0.031549335 7.573069 0.16971946
206801 34.8364951 -4.7754496 -1.0 24 0.80257696 21.333384 0.00042143327 3828.055752116374 79157.48615416403 0.80257696 21.333384 0.00042143327 0.8038988 0.00042441423 0.8038988 21.401352 0.79319435 0.794951 0.7982358 0.8013366 0.803515 2.448069 0.028395176 4.44779 0.03651905 5.946045 0.07259369 11.544058 0.1550889 5037.40131730756 5197302316.081296 4164030954.0523486 0.8805071926304773 3135991682.7935677 0.0 0.21895028008726405 -99.0 0.8011908295517391 [1.350437562236586,1.4233288041678336,1.5366529315952118,1.5998379184621354,1.636673493446562] [4004816010.2439523,4118264394.226588,4564731526.487911,5362175012.274194,6043788104.483085] [1875564848.5786908,2070138578.8774865,3008709685.308788,3685119112.878254,4335623251.256231] [0.6273045435925888,0.7218593645042282,0.8362907669369759,0.9290816961526488,1.0949190165499258] [0.11144943730520276,0.14242899220227376,0.21728584991541355,0.268712552229209,0.29694187108866205] [1.1936562925147658e-10,1.3953017776611974e-10,1.8498313207908476e-10,2.1728313767788828e-10,2.4839095176752925e-10] 1.5703156 0.023017824 4.702851 0.053073645 8.1696005 0.5973866
85891 34.6600624 -5.2242186 -1.0 24 1.675932 22.916992 0.0012857721 3828.055752116374 79157.48615416403 1.675932 22.916992 0.0012857721 1.6643239 0.002086733 1.6643239 23.377048 1.6539507 1.6627531 1.6769141 1.6938509 1.7081772 2.6411147 0.04705596 4.215817 0.12584877 5.4368873 0.46452808 11.797852 0.5944233 12506.255512261974 19731511831.68931 8539718021.958136 13.798578488894657 78122812881.53084 0.0 0.8413756849286302 -99.0 0.43279593042856107 [1.3759080798217698,1.4103149606173035,1.4640005990855451,1.5155542638239194,1.5676003960864826] [7950822573.159168,8216184199.920723,8510129622.094711,8737021994.799128,8920551018.653742] [60866503487.757195,69987825952.90773,80787796714.33319,92083280167.71875,100951687523.43558] [10.670923983961067,12.317144848971896,14.256881100887139,16.360888240266544,18.00560349364034] [0.7734983509191281,0.8151718022931702,0.8398063054050473,0.8856719263361665,0.8982120467764821] [1.2005034077067896e-09,1.4160875673948107e-09,1.6877433514195665e-09,1.9644993035859117e-09,2.2326933173967513e-09] 1.5434067 0.023448348 4.287157 0.33230257 7.0686674 0.8232
110992 34.7637696 -5.1351763 -1.0 24 2.3914077 26.37193 0.0026440844 3828.055752116374 79157.48615416403 2.3914077 26.37193 0.0026440844 2.3870194 0.0026614163 2.3870194 26.419579 2.3302934 2.3650186 2.389621 2.4156947 2.4400373 1.3931057 0.05275768 2.0686765 0.13925946 2.246823 0.1270839 1.8811038 0.26099145 19322.119019469395 15357793484.098898 4106753228.241356 4.615009796985742 18068693090.3866 0.0 0.17619338215466945 -99.0 0.26740516028512773 [1.8913605621118594,1.931511089359395,2.0215537980892018,2.1000369801854464,2.143463954259746] [3196278867.3029604,3706324182.2339344,4222987628.0893154,4648068197.392868,4856834170.640507] [4999328044.580944,8305833469.727475,16371044798.795118,25889023286.6232,32129342720.170685] [2.223644398391485,2.855340081178457,4.240132686055311,5.978569533946362,7.365683772145905] [0.062021395653403824,0.09362818595607528,0.16272078090039066,0.2332956807913797,0.2726972120450909] [4.578423164261622e-10,6.143094076833329e-10,9.993037986529782e-10,1.6138103400621863e-09,2.304455924511091e-09] 0.9419518 0.036599547 2.08361 0.13055456 2.3115096 0.20802629
