diffhtwo/experimental/data/feniks_test_data/feniks_zout_selected_for_testing.ecsv
# %ECSV 1.0
# ---
# datatype:
# - {name: id, datatype: int64}
# - {name: ra, datatype: float64}
# - {name: dec, datatype: float64}
# - {name: z_spec, datatype: float64}
# - {name: nusefilt, datatype: int64}
# - {name: z_ml, datatype: float32}
# - {name: z_ml_chi2, datatype: float32}
# - {name: z_ml_risk, datatype: float32}
# - {name: lc_min, datatype: float64, format: .1f}
# - {name: lc_max, datatype: float64, format: .1f}
# - {name: z_phot, datatype: float32}
# - {name: z_phot_chi2, datatype: float32}
# - {name: z_phot_risk, datatype: float32}
# - {name: z_min_risk, datatype: float32}
# - {name: min_risk, datatype: float32}
# - {name: z_raw_chi2, datatype: float32}
# - {name: raw_chi2, datatype: float32, format: 8.4f}
# - {name: z025, datatype: float32, format: 8.4f}
# - {name: z160, datatype: float32, format: 8.4f}
# - {name: z500, datatype: float32, format: 8.4f}
# - {name: z840, datatype: float32, format: 8.4f}
# - {name: z975, datatype: float32, format: 8.4f}
# - {name: restU, datatype: float32, format: .3f}
# - {name: restU_err, datatype: float32, format: .3f}
# - {name: restB, datatype: float32, format: .3f}
# - {name: restB_err, datatype: float32, format: .3f}
# - {name: restV, datatype: float32, format: .3f}
# - {name: restV_err, datatype: float32, format: .3f}
# - {name: restJ, datatype: float32, format: .3f}
# - {name: restJ_err, datatype: float32, format: .3f}
# - {name: dL, unit: Mpc, datatype: float64, format: .1e}
# - {name: Lv, unit: solLum, datatype: float64, format: .2e}
# - {name: mass, unit: solMass, datatype: float64, format: .2e}
# - {name: sfr, unit: solMass / yr, datatype: float64, format: .3f, description: SFR over last 100 Myr}
# - {name: LIR, unit: solLum, datatype: float64, format: .2e, description: IR luminosity = energy_abs}
# - {name: energy_abs, unit: solLum, datatype: float64, format: .2e}
# - {name: Av, datatype: float64, format: .2f}
# - {name: lw_age_V, unit: Gyr, datatype: float64, format: .2f}
# - {name: MLv, unit: solMass / solLum, datatype: float64, format: .2f}
# - {name: Lv_p, unit: solLum, datatype: string, format: .2e, subtype: 'float64[5]'}
# - {name: mass_p, unit: solMass, datatype: string, format: .2e, subtype: 'float64[5]'}
# - {name: LIR_p, unit: solLum, datatype: string, format: .2e, subtype: 'float64[5]'}
# - {name: sfr_p, unit: solMass / yr, datatype: string, format: .3f, subtype: 'float64[5]'}
# - {name: Av_p, datatype: string, format: .2f, subtype: 'float64[5]'}
# - {name: ssfr_p, unit: 1 / yr, datatype: string, format: .2e, subtype: 'float64[5]'}
# - {name: rest414, datatype: float32, format: .3f}
# - {name: rest414_err, datatype: float32, format: .3f}
# - {name: rest415, datatype: float32, format: .3f}
# - {name: rest415_err, datatype: float32, format: .3f}
# - {name: rest416, datatype: float32, format: .3f}
# - {name: rest416_err, datatype: float32, format: .3f}
# meta: !!omap
# - version: !!python/tuple [0.6.3, Eazy-py version]
# - prior: !!python/tuple [true, Prior applied (templates/prior_K_TAO.dat)]
# - betprior: !!python/tuple [true, Beta prior applied]
# - fitter: !!python/tuple [nnls, Optimization method for template fits]
# - {SYS_ERR: 0.01}
# - {TEMP_ERR_FILE: templates/template_error_10.def}
# - {TEMP_ERR_A2: 0.2}
# - {PRIOR_FILTER: 265.0}
# - {PRIOR_ABZP: 25.0}
# - {IGM_SCALE_TAU: 1.0}
# - {APPLY_IGM: y}
[...]
# - ZP259: !!python/tuple [1.009998, ZP offset in filter 259 (fcol_VIDEO_Ks)]
# - ZP265: !!python/tuple [1.0, ZP offset in filter 265 (fcol_UDS_K)]
# - ZP18: !!python/tuple [1.004935, ZP offset in filter 18 (fcol_ch1)]
# - ZP19: !!python/tuple [1.020487, ZP offset in filter 19 (fcol_ch2)]
# - ZP20: !!python/tuple [0.873884, ZP offset in filter 20 (fcol_ch3)]
# - ZP21: !!python/tuple [0.911839, ZP offset in filter 21 (fcol_ch4)]
# - FNUSCALE: !!python/tuple [3.630780547701009e-30, Scale factor to f-nu CGS]
# - COSMOL: !!python/tuple [null, Cosmological model]
# - COS_OM: !!python/tuple [0.3, Omega matter]
# - COS_OL: !!python/tuple [0.7, Omega lambda]
# - COS_H0: !!python/tuple [70.0, Hubble constant]
# - RF_PADW: !!python/tuple [0.5, pad_width for RF fluxes]
# - RF_PADM: !!python/tuple [2, max_err for RF fluxes]
# - name414: !!python/tuple [synthetic_u, Filter name]
# - pivot414: !!python/tuple [2897.6857795148794, 'Pivot wavelength, Angstrom']
# - name415: !!python/tuple [synthetic_g, Filter name]
# - pivot415: !!python/tuple [4498.510075460355, 'Pivot wavelength, Angstrom']
# - name416: !!python/tuple [synthetic_i, Filter name]
# - pivot416: !!python/tuple [7494.424634848719, 'Pivot wavelength, Angstrom']
# schema: astropy-2.0
id ra dec z_spec nusefilt z_ml z_ml_chi2 z_ml_risk lc_min lc_max z_phot z_phot_chi2 z_phot_risk z_min_risk min_risk z_raw_chi2 raw_chi2 z025 z160 z500 z840 z975 restU restU_err restB restB_err restV restV_err restJ restJ_err dL Lv mass sfr LIR energy_abs Av lw_age_V MLv Lv_p mass_p LIR_p sfr_p Av_p ssfr_p rest414 rest414_err rest415 rest415_err rest416 rest416_err
[from data line 15]
196186 34.1977802 -4.8185776 -1.0 15 1.7070829 6.030696 0.013250634 4447.9638671972125 79157.48615416403 1.7070829 6.030696 0.013250634 1.6911008 0.013577144 1.7181468 6.158302 1.5602198 1.668186 1.7048637 1.739571 1.7877389 1.2229604 0.05061394 1.702161 0.11422932 1.8385698 0.08788556 1.8260581 0.22725356 12792.91745320804 6901575841.587243 1462183220.6346312 3.1116834436151652 11378447773.310722 0.0 0.22003752476026142 -99.0 0.2118622259895871 [1.8657738912881086,1.8923493660858777,1.970188671394485,2.0984385063853574,2.14477367966469] [1373826531.915295,1455654364.3874574,1617024806.6372795,1849393783.1836896,2031592087.4872737] [3595709006.7187414,6319924041.92421,11244948568.088478,13399170089.708534,14411665226.028797] [1.4390938731744587,2.1823197966257317,2.9821086577049085,3.2492948481152975,3.3346571162064946] [0.08491170727328948,0.12656473058679218,0.21767530046291428,0.25628218984932793,0.27222863461459396] [7.203703424608407e-10,1.2208284825263761e-09,1.780079668402703e-09,2.2407302379059412e-09,2.421281416870204e-09] 0.86299664 0.022453249 1.6692797 0.096494555 2.0078158 0.08060086
111795 34.9012525 -5.130938 -1.0 24 1.5201297 18.278217 0.007883826 3828.055752116374 79157.48615416403 1.5201297 18.278217 0.007883826 1.5343833 0.008140678 1.5091658 17.98404 1.5004144 1.5092556 1.5266806 1.5482922 1.6878747 0.91096634 0.040779054 2.2959273 0.109265685 4.073269 0.33165872 16.242348 1.0264544 11089.294075502696 12341230959.897001 20540890167.96882 14.901438028436012 111201123956.54977 0.0 1.752076656678939 -99.0 1.6644117782672345 [0.6228229799894816,0.6625545357746153,0.6979101222056618,0.7438076061426717,0.7989701788710953] [16250473954.356981,17052752008.868038,20669193622.509026,24855903243.102932,26648008644.501255] [51219480948.3917,79421831362.66727,97997257329.86383,114886418557.43326,135142561886.01448] [6.902845427968333,10.755059133823398,13.073178191933813,15.27552895668221,17.918670015797005] [1.3803399230233422,1.5756053573910926,1.689526392079098,1.7701553094851266,1.8181294519758155] [2.822204609624236e-10,4.4923428968650386e-10,6.316131543880382e-10,8.388480455281944e-10,1.0789215696614211e-09] 0.35309005 0.023328826 2.533223 0.19391966 8.139946 0.5535238
45043 34.0814677 -5.382103 -1.0 17 1.736002 29.670382 0.16537508 3828.055752116374 45020.33785230743 1.736002 29.670382 0.16537508 1.8009267 0.15269506 1.7454647 29.677956 1.5757427 1.6706287 1.8115976 2.105792 2.8645895 0.11187799 0.032856222 0.3536548 0.045471504 0.7652665 0.07024953 5.0459733 0.36221457 13059.991117470037 2962187274.190159 14433114458.81275 0.004946550719032543 2305238736.0126076 0.0 1.7778180593990505 -99.0 4.8724517131546525 [0.5340072796159884,0.5801154437326878,0.6537601759654685,0.7508476609437413,0.7895607104580344] [9902571324.97298,11040141444.011368,13914345492.01602,16634271285.023094,19214732272.368103] [1450868338.917184,1797604298.0503905,2132629676.3768363,2521820771.0851097,2938076154.7008257] [0.003170391611759752,0.003734835554731974,0.004869144735137431,0.005515510432662761,0.005985629269073114] [1.3036510014519274,1.5407707561627797,1.7329397991507662,1.8508557556006788,1.9802879777458444] [2.168242555720792e-13,2.2117876349810957e-13,3.4571796394045163e-13,4.907738368595509e-13,5.314849383356372e-13] 0.02912244 0.007259896 0.42214397 0.05501379 1.9206955 0.08410776
74715 34.300775 -5.2692274 0.8031 24 0.7649466 12.332913 0.0017647544 3828.055752116374 79157.48615416403 0.8031 20.069393 0.02179041 0.76817924 0.0019029308 0.76817924 12.2443075 0.74429 0.7605731 0.7913864 0.79867303 0.8025104 0.9103094 0.017559707 1.4312787 0.01807475 1.694122 0.04782778 2.618869 0.079479456 5041.438668501106 1482737884.3832066 655321087.6094598 0.3979192169613332 1452845130.2478971 0.0 0.2321018740412302 -99.0 0.44196691438963404 [1.7912339624298161,1.821138276974282,1.8721471663300218,1.9207871212958707,1.9725570618097163] [593593419.467343,615030287.6827669,658251753.3858061,697157706.6292629,712300452.7476469] [629361751.6763959,983807520.6487945,1451358714.5616283,1912993278.693271,2241644402.290389] [0.281625931319825,0.32744403888955737,0.3904671808883121,0.46564865094021013,0.5048489456046773] [0.16865370962551507,0.201139624281206,0.2328074570710021,0.26274778295911627,0.28197805524259156] [4.1077500994785464e-10,4.778499935317541e-10,5.997899963503485e-10,7.493600833836262e-10,8.382699006725776e-10] 0.6179654 0.012276679 1.4678495 0.022435844 2.0435326 0.20286298
126413 34.2681551 -5.0789545 -1.0 24 1.7714186 87.923195 0.002156177 3828.055752116374 79157.48615416403 1.7714186 87.923195 0.002156177 1.773057 0.0021459782 1.773057 88.06033 1.7422009 1.7563852 1.7770882 1.7927214 1.8163742 1.6933733 0.049020052 2.1106093 0.065320015 2.79339 0.12862194 6.984145 0.31077576 13388.285121381265 11217854826.268944 5045685962.638368 9.237231492120982 50650681304.165825 0.0 0.9498225678709574 -99.0 0.4497906276004609 [1.4066918798417813,1.4150690644215809,1.4249494254447412,1.432472808756048,1.4459702364644025] [4750586866.773596,4929073528.90181,5078792964.317146,5229936278.242455,5358671377.162107] [48270098857.52697,49799111881.293365,50807734612.942474,52008278759.93373,52487436893.08126] [8.882306393962134,9.106115472825152,9.254683273472832,9.431201039567984,9.502186939557884] [0.9113321448541929,0.9354609454270799,0.9541466307941849,0.9724841556981505,0.9890059686105284] [1.6914446069103507e-09,1.735622932964226e-09,1.8291359423788272e-09,1.8929358353113992e-09,1.9768535612877647e-09] 1.00064 0.022021621 2.0599222 0.06691319 3.9950547 0.1499902
23067 34.6978799 -5.4629655 -1.0 23 0.55399597 19.736595 0.004904803 3828.055752116374 57450.28623538123 0.55399597 19.736595 0.004904803 0.5526301 0.0051173633 0.5526301 19.729145 0.52922755 0.5470698 0.56000453 0.58500844 0.5957562 0.8393147 0.015730321 1.4374639 0.020461142 1.8151082 0.023053229 2.9535856 0.08311999 3205.062582555532 744999784.6401327 411884566.0162989 0.21528372445452978 639451260.4284184 0.0 0.22108378980957447 -99.0 0.5528653491024257 [1.4934638806855036,1.548289468606379,1.6065624324582335,1.6788468651880517,1.7093112804961494] [398565346.334626,419957877.4797807,470022477.012518,552926314.5618107,614852258.6083506] [344833129.1895758,360999467.77725863,692310213.6370491,1008712114.2287542,1185781647.758087] [0.1551086964354586,0.17604993326961682,0.21721378521772,0.2686581891508032,0.30328844068767463] [0.10158432704488857,0.15316376102532628,0.22943900659635563,0.2957102722427441,0.3414697284165376] [2.7222357963649444e-10,3.455308573929895e-10,4.569548073381124e-10,5.882152579254736e-10,7.252659480519969e-10] 0.51672345 0.012144625 1.4911804 0.033061206 2.2410426 0.08947265
152739 34.8281586 -4.9829442 -1.0 17 1.7582251 10.500915 0.06732748 3828.055752116374 79157.48615416403 1.7582251 10.500915 0.06732748 1.8290765 0.050522093 1.7454647 10.535486 1.6084174 1.7354933 1.8236501 1.9307528 2.031352 0.61441076 0.0735257 1.2173449 0.10243416 1.8043927 0.082671404 3.8432071 0.28794944 13265.833117256769 7148269892.56201 6649640550.742423 5.483120567756661 31432238457.71991 0.0 0.5964505090589581 -99.0 0.9302447516232668 [1.0750631470977896,1.1427026935060751,1.190172110699578,1.2937422853814806,1.4073527882095773] [5303989266.812807,6033509180.392688,6965773836.047234,8570137725.4113455,9727418477.241556] [10578163846.540018,17725638634.651516,26699879562.955788,33100149426.49954,35946203482.28936] [1.5969393904640665,2.9913487800796807,4.665830141305941,5.736045755823029,6.252963411343174] [0.3566598312191205,0.460860266390959,0.542594812044991,0.6211775540948802,0.7108412195744805] [2.017273439683668e-10,3.982921418019375e-10,6.180810750964732e-10,8.888103179866353e-10,1.1285391203295055e-09] 0.3942589 0.021437854 1.300548 0.06568879 2.6147754 0.11002338
172376 34.1323515 -4.909258 -1.0 24 0.63925624 32.090405 0.0008414953 3828.055752116374 79157.48615416403 0.63925624 32.090405 0.0008414953 0.63223517 0.00014114912 0.63223517 31.716127 0.6269959 0.6296367 0.63197744 0.63459706 0.6477801 2.6035821 0.06554723 4.7189226 0.19062519 6.009458 0.04749036 15.494176 0.40874958 3812.77300698124 3309030839.437017 1750419926.6552632 0.7785360388703557 5159984336.049713 0.0 1.3430358744301167 -99.0 0.5289826573369354 [1.3896063276787047,1.4914362740779046,1.5839057636331426,1.6416893250746492,1.6672819534454126] [1656045990.7635534,1726683144.9223995,1870227144.7248225,2161494986.068574,2316107579.6782675] [4620935580.321041,5001615272.310475,5833283507.800957,6746899746.6015835,7949319310.281957] [0.683130015910625,0.7774133149810005,0.8783059704390086,1.0036604738606445,1.1562335771629602] [1.0756551427128724,1.2145009776640803,1.347259202307364,1.4746048842622197,1.5971585580955283] [3.4247946214252074e-10,4.0561580808484283e-10,4.651262069224517e-10,5.282211788297793e-10,5.865637623195074e-10] 1.5827068 0.02374363 4.850107 0.16121864 8.6835 0.12903261
26105 34.226336 -5.4518545 -1.0 23 2.7743938 8.615019 0.06285027 3828.055752116374 79157.48615416403 2.7743938 8.615019 0.06285027 2.7432353 0.06206461 2.7808557 8.611074 2.4766603 2.5979524 2.764444 2.9289348 3.0266335 0.793099 0.11163136 1.6586277 0.09916204 2.280707 0.24827552 5.064914 0.591465 23131.704198505824 20075574726.999603 16540131119.610247 5.947299446587098 34467384373.51754 0.0 0.5506681242945263 -99.0 0.823893280493009 [1.088930931621356,1.213569769934938,1.399354834121407,1.5079544926848498,1.591561491195848] [12317696763.61213,14790435068.25114,16615228212.325306,22060129112.210934,28341374493.83991] [10374335816.262999,14381579132.796297,38337188325.927444,66826413013.80728,97707092430.76485] [1.7160886547198024,2.516567646110779,6.508662139863793,11.109277227276058,16.602369619205312] [0.3267395957905923,0.5027286518215953,0.6040254947163617,0.7363470105905221,0.8794264635375688] [9.481764791616556e-11,1.4792119425991452e-10,3.5706839852664864e-10,6.112593499790798e-10,1.0835761406180694e-09] 0.4597003 0.041740865 1.7508385 0.22071922 3.3405337 0.1977812
76429 34.8807001 -5.2619628 0.9601 12 0.958134 1.2901758 0.0021024346 4797.3468847228005 79157.48615416403 0.9601 1.3901323 0.0020643384 0.95414025 0.0024518466 0.95414025 1.3049766 0.93918824 0.9526134 0.9684635 0.9867913 0.99224544 4.177492 3.210168 6.9920254 0.89999485 9.360423 0.9871993 25.800615 2.1357393 6282.927034462149 11705010868.82983 6507380193.077066 6.693542042746994 40628126941.813835 0.0 1.3273005046070987 -99.0 0.5559482401170653 [1.3093014231326,1.3530145291346822,1.390975412852551,1.434392349421258,1.460796404801521] [5813691556.434691,6127779780.728228,6596034032.298886,7106880009.869194,7553973926.024465] [34126100442.560802,36497490748.660774,39840306213.10452,45862897580.5625,51139155801.63824] [5.453252023698181,5.947280996833987,6.569289620762522,7.634163420687278,8.536243725509145] [1.2023253840247445,1.2394562739651362,1.3204971053963903,1.4238516427901988,1.5334148345359118] [8.225073916897756e-10,9.143476182858399e-10,1.012280723614584e-09,1.1221277754559985e-09,1.2701233230842751e-09] 2.3091335 1.9076434 7.2131557 0.115906954 13.884218 1.7137976
196203 34.7311233 -4.8161965 -1.0 24 0.90333927 61.109055 0.0006126227 3828.055752116374 79157.48615416403 0.90333927 61.109055 0.0006126227 0.8963867 5.8230627e-05 0.8963867 62.562706 0.8911031 0.8938672 0.89732295 0.90080935 0.90969825 2.0946598 0.028050661 5.949051 0.046069384 11.715834 0.16985703 36.139248 1.1840572 5827.544482119373 12979523673.959597 37030379793.405334 1.2326621511283031 9835061521.515884 0.0 0.23589887318654365 -99.0 2.852984494931675 [0.7855545092821148,0.790655556979939,0.7960903084614099,0.8019594767815903,0.8095070631036186] [36328610479.14404,36751139948.86599,37139940481.34328,37536078889.94596,37864998541.854095] [5973498710.839111,7691344390.6126995,10254520599.35688,11595391325.128105,13687206214.998672] [0.6290127152080502,0.8961488364004179,1.2975989959312915,1.5088226892466616,1.8354582542625342] [0.18300029223730124,0.20624126823309938,0.24097360460545375,0.25853793726186897,0.28589916149132905] [1.7193878319890004e-11,2.429634913739605e-11,3.4802947682551534e-11,4.0270454654768996e-11,4.962262356844586e-11] 0.56890637 0.013416469 7.0705495 0.069960356 20.468578 0.87237453
14209 34.0951653 -5.4956791 -1.0 15 2.9101675 31.715698 0.0019364817 3828.055752116374 45020.33785230743 2.9101675 31.715698 0.0019364817 2.8959997 0.0026370767 2.8959997 32.078125 2.8617094 2.888297 2.9119737 2.9415321 2.9684136 1.8470118 0.065669835 2.11673 0.106741786 2.4626274 0.100587845 2.620043 0.32096863 24503.76363464385 23480071560.824993 4416978506.784079 12.009232077367027 27351508033.163425 0.0 0.15610960094301266 -99.0 0.1881160581364465 [2.1821242016307743,2.205357127485832,2.243742671083611,2.270921275919509,2.300001375125629] [3397912879.009865,3563957369.1750546,4335725238.402262,5263783913.504734,5758941702.524427] [24187024047.79611,25715959576.309547,27345746152.45443,28660139083.991604,30165527792.02955] [11.920859329615642,11.955911829260645,12.016461682607734,12.06085403315698,12.103951154790211] [0.13050259233097122,0.14297287764175798,0.15426700925671377,0.17217872071120685,0.18080596603807947] [2.0760517229009467e-09,2.277597553550667e-09,2.7748742075248393e-09,3.369529742627552e-09,3.5551804687329925e-09] 1.5183972 0.047582626 2.0788813 0.14822447 2.5368266 0.22192407
210947 34.1702585 -4.7609712 -1.0 22 1.0013875 17.69586 0.00696148 3828.055752116374 79157.48615416403 1.0013875 17.69586 0.00696148 0.9936165 0.005778305 0.9936165 17.808004 0.93985814 0.96790653 0.9907766 1.0111334 1.0233114 0.8722757 0.024642497 1.3585603 0.028412819 1.6088349 0.16462708 2.6089652 0.24049032 6618.500721257455 2186401697.8893294 881365494.7326529 0.8206452315987282 3297097040.5206075 0.0 0.4834118949770401 -99.0 0.40311233547956454 [1.6610204938272994,1.6861259161173656,1.7400651366751463,1.7960457226321485,1.8569826490322339] [806426688.9611396,911301911.7547848,1052393829.6221457,1251938819.159431,1455342380.357942] [1351784916.9739678,1919314824.6387353,2625128336.2007737,3338114413.289829,4102716489.175722] [0.34405029216071414,0.5163146232225974,0.6493302669474623,0.7897030510898099,0.924489167393268] [0.1428362900655017,0.23529153759812949,0.4252525880121424,0.5023749855232341,0.5729459002128939] [2.3123735717706599e-10,4.1129379914764477e-10,6.171738705563163e-10,8.39702967313247e-10,1.142227326749859e-09] 0.59698355 0.01212436 1.3844322 0.032441676 2.0815017 0.14341068
