diffhtwo/experimental/data/feniks_test_data/feniks_zout_selected_for_testing.ecsv
# %ECSV 1.0
# ---
# datatype:
# - {name: id, datatype: int64}
# - {name: ra, datatype: float64}
# - {name: dec, datatype: float64}
# - {name: z_spec, datatype: float64}
# - {name: nusefilt, datatype: int64}
# - {name: z_ml, datatype: float32}
# - {name: z_ml_chi2, datatype: float32}
# - {name: z_ml_risk, datatype: float32}
# - {name: lc_min, datatype: float64, format: .1f}
# - {name: lc_max, datatype: float64, format: .1f}
# - {name: z_phot, datatype: float32}
# - {name: z_phot_chi2, datatype: float32}
# - {name: z_phot_risk, datatype: float32}
# - {name: z_min_risk, datatype: float32}
# - {name: min_risk, datatype: float32}
# - {name: z_raw_chi2, datatype: float32}
# - {name: raw_chi2, datatype: float32, format: 8.4f}
# - {name: z025, datatype: float32, format: 8.4f}
# - {name: z160, datatype: float32, format: 8.4f}
# - {name: z500, datatype: float32, format: 8.4f}
# - {name: z840, datatype: float32, format: 8.4f}
# - {name: z975, datatype: float32, format: 8.4f}
# - {name: restU, datatype: float32, format: .3f}
# - {name: restU_err, datatype: float32, format: .3f}
# - {name: restB, datatype: float32, format: .3f}
# - {name: restB_err, datatype: float32, format: .3f}
# - {name: restV, datatype: float32, format: .3f}
# - {name: restV_err, datatype: float32, format: .3f}
# - {name: restJ, datatype: float32, format: .3f}
# - {name: restJ_err, datatype: float32, format: .3f}
# - {name: dL, unit: Mpc, datatype: float64, format: .1e}
# - {name: Lv, unit: solLum, datatype: float64, format: .2e}
# - {name: mass, unit: solMass, datatype: float64, format: .2e}
# - {name: sfr, unit: solMass / yr, datatype: float64, format: .3f, description: SFR over last 100 Myr}
# - {name: LIR, unit: solLum, datatype: float64, format: .2e, description: IR luminosity = energy_abs}
# - {name: energy_abs, unit: solLum, datatype: float64, format: .2e}
# - {name: Av, datatype: float64, format: .2f}
# - {name: lw_age_V, unit: Gyr, datatype: float64, format: .2f}
# - {name: MLv, unit: solMass / solLum, datatype: float64, format: .2f}
# - {name: Lv_p, unit: solLum, datatype: string, format: .2e, subtype: 'float64[5]'}
# - {name: mass_p, unit: solMass, datatype: string, format: .2e, subtype: 'float64[5]'}
# - {name: LIR_p, unit: solLum, datatype: string, format: .2e, subtype: 'float64[5]'}
# - {name: sfr_p, unit: solMass / yr, datatype: string, format: .3f, subtype: 'float64[5]'}
# - {name: Av_p, datatype: string, format: .2f, subtype: 'float64[5]'}
# - {name: ssfr_p, unit: 1 / yr, datatype: string, format: .2e, subtype: 'float64[5]'}
# - {name: rest414, datatype: float32, format: .3f}
# - {name: rest414_err, datatype: float32, format: .3f}
# - {name: rest415, datatype: float32, format: .3f}
# - {name: rest415_err, datatype: float32, format: .3f}
# - {name: rest416, datatype: float32, format: .3f}
# - {name: rest416_err, datatype: float32, format: .3f}
# meta: !!omap
# - version: !!python/tuple [0.6.3, Eazy-py version]
# - prior: !!python/tuple [true, Prior applied (templates/prior_K_TAO.dat)]
# - betprior: !!python/tuple [true, Beta prior applied]
# - fitter: !!python/tuple [nnls, Optimization method for template fits]
# - {SYS_ERR: 0.01}
# - {TEMP_ERR_FILE: templates/template_error_10.def}
# - {TEMP_ERR_A2: 0.2}
# - {PRIOR_FILTER: 265.0}
# - {PRIOR_ABZP: 25.0}
# - {IGM_SCALE_TAU: 1.0}
# - {APPLY_IGM: y}
[...]
# - ZP259: !!python/tuple [1.009998, ZP offset in filter 259 (fcol_VIDEO_Ks)]
# - ZP265: !!python/tuple [1.0, ZP offset in filter 265 (fcol_UDS_K)]
# - ZP18: !!python/tuple [1.004935, ZP offset in filter 18 (fcol_ch1)]
# - ZP19: !!python/tuple [1.020487, ZP offset in filter 19 (fcol_ch2)]
# - ZP20: !!python/tuple [0.873884, ZP offset in filter 20 (fcol_ch3)]
# - ZP21: !!python/tuple [0.911839, ZP offset in filter 21 (fcol_ch4)]
# - FNUSCALE: !!python/tuple [3.630780547701009e-30, Scale factor to f-nu CGS]
# - COSMOL: !!python/tuple [null, Cosmological model]
# - COS_OM: !!python/tuple [0.3, Omega matter]
# - COS_OL: !!python/tuple [0.7, Omega lambda]
# - COS_H0: !!python/tuple [70.0, Hubble constant]
# - RF_PADW: !!python/tuple [0.5, pad_width for RF fluxes]
# - RF_PADM: !!python/tuple [2, max_err for RF fluxes]
# - name414: !!python/tuple [synthetic_u, Filter name]
# - pivot414: !!python/tuple [2897.6857795148794, 'Pivot wavelength, Angstrom']
# - name415: !!python/tuple [synthetic_g, Filter name]
# - pivot415: !!python/tuple [4498.510075460355, 'Pivot wavelength, Angstrom']
# - name416: !!python/tuple [synthetic_i, Filter name]
# - pivot416: !!python/tuple [7494.424634848719, 'Pivot wavelength, Angstrom']
# schema: astropy-2.0
id ra dec z_spec nusefilt z_ml z_ml_chi2 z_ml_risk lc_min lc_max z_phot z_phot_chi2 z_phot_risk z_min_risk min_risk z_raw_chi2 raw_chi2 z025 z160 z500 z840 z975 restU restU_err restB restB_err restV restV_err restJ restJ_err dL Lv mass sfr LIR energy_abs Av lw_age_V MLv Lv_p mass_p LIR_p sfr_p Av_p ssfr_p rest414 rest414_err rest415 rest415_err rest416 rest416_err
[from data line 174]
93958 34.6187662 -5.1965755 0.8406 24 0.85739994 14.553983 2.6464539e-05 3828.055752116374 79157.48615416403 0.8406 81.22694 0.0042591095 0.8588357 7.230584e-11 0.8588357 15.359197 0.85530174 0.85636675 0.8590376 0.861577 0.8630459 2.2073114 0.033637404 3.5928292 0.03247869 4.2870994 0.07230902 6.7608557 0.21391582 5332.69788214565 4112714660.096425 1901508353.8692799 0.7111307379513865 2249422235.4044933 0.0 0.3380105747814034 -99.0 0.4623487187960416 [1.8976489244531125,1.91786410228553,1.9413959151871065,1.972368742809253,1.9912129889418366] [1743569695.9423492,1811159973.7936816,1888990019.1180453,1964930236.449223,1998061894.7614694] [1458300021.8478386,1704579368.005112,2245337754.525627,2879523343.6034336,3565215060.4729757] [0.6003355401809786,0.6258809325078877,0.7110206677699794,0.7885542373086437,0.8889246251898837] [0.27697645734455617,0.3022599110229135,0.33589166253116143,0.385451884889535,0.4261929664829649] [3.0739570723996295e-10,3.2943553504315346e-10,3.7503612738952506e-10,4.251111096332164e-10,4.928404079847374e-10] 1.4586447 0.023929715 3.7294176 0.04210055 5.2058897 0.47680736
147349 34.6108233 -5.0013758 -1.0 22 1.0991024 9.565298 0.00147416 4797.3468847228005 79157.48615416403 1.0991024 9.565298 0.00147416 1.0958314 0.0015432106 1.0958314 9.592779 1.0752617 1.0848118 1.0955653 1.1101358 1.1177093 2.3560774 0.033361673 3.9556382 0.03756225 4.872224 0.080785036 8.103537 0.5939324 7426.264657561803 7948128972.4733305 3965213643.865922 2.2028427623608824 10378326635.183655 0.0 0.41953108853277227 -99.0 0.4988864244149288 [1.6012757816694536,1.6297123882668636,1.66093499962604,1.6992970730020844,1.7210731183012666] [3761227036.7272015,3872203200.9969883,4108282411.6923385,4482155535.140786,4755069104.111246] [7081938923.977637,8574194834.45393,9978349965.698305,11375820461.943428,13626709576.358654] [1.4593948205316543,1.77764223245137,2.1037682791128294,2.37035303880012,2.7456607922952405] [0.2928225744423575,0.34370848756826833,0.4069640431162287,0.44541902465330324,0.48344955225164693] [3.117383994985187e-10,3.9302295981473357e-10,5.191380446804155e-10,6.098852279049189e-10,7.219718910998e-10] 1.4689287 0.051771104 4.1215796 0.056928873 6.01598 0.28960276
123970 34.760162 -5.088409 -1.0 24 0.7020861 34.87391 0.00016152863 3828.055752116374 79157.48615416403 0.7020861 34.87391 0.00016152863 0.69884795 2.1609412e-13 0.69884795 30.413502 0.66537726 0.6662885 0.66858363 0.67087865 0.67178994 1.8752704 0.048565626 2.5374222 0.02599454 2.5558136 0.031390548 2.6863053 0.082639694 4275.026678801605 1703945944.8563383 344946553.8052955 0.774168770451769 1357496442.309673 0.0 0.0748974422470734 -99.0 0.2024398454930907 [2.0725561746153445,2.146851688090587,2.2479121787955245,2.2969705268138383,2.3137109102118254] [324778252.4086793,342893964.5442449,401431247.92276,478460086.0012592,527322971.7455292] [1053574786.1909032,1169705880.1094801,1266856888.5321932,1344804577.2520702,1374730527.7865553] [0.5742798056136543,0.6496926574492367,0.7144119230088952,0.7658272010145549,0.7856210819475813] [0.06851844523322281,0.06925619382422413,0.07408542405721025,0.08244850152916001,0.08572702735531756] [1.163935527770991e-09,1.368848751366455e-09,1.7765143968806637e-09,2.2384539174081714e-09,2.3692110711244668e-09] 1.4872104 0.024548471 2.4863422 0.03442979 2.4946747 0.07186639
188569 34.8962469 -4.8479679 -1.0 23 1.8894432 38.841885 0.044170357 3828.055752116374 57450.28623538123 1.8894432 38.841885 0.044170357 1.9152347 0.040712103 1.8862276 38.835506 1.7463374 1.8387886 1.917321 2.0176175 2.1184893 0.82537234 0.07177043 1.4174825 0.18785834 2.3684478 0.11402118 9.092599 0.29061937 14491.566550943675 10688353782.375309 13446480067.142763 9.952852926447784 56694796236.04039 0.0 1.3406227142766227 -99.0 1.2580496810758173 [1.0644258624039393,1.075150409164971,1.0904025996022468,1.10613251121005,1.1224701435873645] [12307705271.014402,12811873136.698849,13458988880.72013,14305335854.620407,14873952449.046553] [51922268141.64786,54256631693.05358,56474419565.92654,58624454773.345406,60447825823.65835] [9.282054456438976,9.59490774001299,9.942920037534172,10.232038942065211,10.472170163212823] [1.2044037151852,1.286503830975632,1.3325932474987061,1.3936799292029871,1.4476892333026843] [6.260483906496691e-10,6.730304529956397e-10,7.372233365388677e-10,8.013920331529872e-10,8.497626321581536e-10] 0.52343744 0.015265942 1.4842438 0.08521283 4.025378 0.08848417
90393 34.6949508 -5.2098597 -1.0 24 0.48612332 10.22503 0.013514552 3828.055752116374 79157.48615416403 0.48612332 10.22503 0.013514552 0.4917506 0.012958327 0.4917506 10.375496 0.44569075 0.46811172 0.48869884 0.5187119 0.55508363 0.44138435 0.012113258 0.8174768 0.015923679 1.1146268 0.019789517 1.8561729 0.08619225 2738.8761976432675 349341279.54385126 274081084.8869818 0.06937578342385291 145937654.63227344 0.0 0.10584384129279707 -99.0 0.7845654119228632 [1.3483364111118097,1.4031133920828758,1.4939577010128737,1.5452951739363334,1.5666183281797994] [258343913.18606055,271860617.02128434,293521483.1559864,344615382.5442503,375396752.37570715] [104365794.96642503,120139125.26128064,141737566.62511933,153812989.07257253,162956220.63532233] [0.041625522113069593,0.05252152327638787,0.06674706880569005,0.07355224221423831,0.07884131295493743] [0.1035530369279386,0.10442967238565254,0.10729817383161665,0.11219510742845662,0.11609397327306877] [1.1233901140746188e-10,1.572258452067222e-10,2.3228750820865216e-10,2.6252595144767963e-10,2.8047796128384186e-10] 0.26668712 0.014764309 0.8707949 0.019177139 1.5017606 0.07618117
90427 34.0061385 -5.2061492 -1.0 24 0.49223277 56.370262 8.898362e-06 3828.055752116374 79157.48615416403 0.49223277 56.370262 8.898362e-06 0.4917506 4.3595296e-06 0.4917506 56.27421 0.48591885 0.48907104 0.4923734 0.4959171 0.49964145 8.504186 0.102378845 16.137407 0.2137618 21.978634 0.15878296 52.816353 1.4391422 2780.161201853638 7068619331.1322365 6044042213.482137 1.9867402386383437 10756422869.095644 0.0 0.6876255967766997 -99.0 0.8550527239262176 [1.264159682748889,1.3370502913651807,1.4061016289723205,1.4517206334098456,1.5355372139612407] [5153611942.111626,5503783800.126165,5935570895.370216,6305893377.81999,6943713146.737917] [9458450057.354744,10448622641.309437,12335010034.182339,17000454731.981163,19347294136.212475] [1.8836507256177064,2.004477223302119,2.278875462011071,2.924788666130742,3.34943098287095] [0.5910796518268903,0.6349486380942158,0.7080086106203605,0.8489321231863657,0.9194800819475337] [3.004161036398783e-10,3.3716924122400687e-10,3.720563844577992e-10,4.921228482968879e-10,6.240497144088429e-10] 5.1396 0.069940805 17.048279 0.38418198 31.629107 1.0240526
87405 34.4275615 -5.2208386 2.1268 23 2.2051032 17.858767 0.010783754 3828.055752116374 79157.48615416403 2.1268 20.420578 0.030275675 2.1897748 0.01072827 2.2218325 18.03378 2.097588 2.1463983 2.2016163 2.245525 2.2899058 1.0654051 0.114848375 1.6597769 0.07115883 2.0608652 0.2659955 4.7686954 0.28727555 16749.85986421771 11481597341.501831 4689012575.053669 5.675535915841662 34286208537.111916 0.0 1.2098710407083364 -99.0 0.4083937483249461 [1.3837884654128423,1.4494287175166298,1.5475851772392932,1.614265766377768,1.697914913433459] [4411935835.561563,4716084712.539749,5139233761.835503,5598073829.0053,6206511921.441032] [19074070756.54282,26016919125.863503,33817155252.25943,45177671429.32256,52704360932.912735] [2.9674777159648493,4.054001536043112,5.6289484990746885,7.775027618357478,9.16189231374995] [0.8801822022074008,0.994036373907019,1.1990750818588396,1.477930832070063,1.6598592969713482] [5.295942496578218e-10,7.818394838786342e-10,1.0646990759936676e-09,1.4245602776661088e-09,1.9919241135327385e-09] 0.6131392 0.024830788 1.6951064 0.09184635 2.9249673 0.34423816
155009 34.1178283 -4.9744602 -1.0 23 0.054093655 132.43729 0.0010430864 3828.055752116374 79157.48615416403 0.054093655 132.43729 0.0010430864 0.051218882 0.0012267965 0.051218882 134.75723 0.04419609 0.04750558 0.05066022 0.058477286 0.062053178 1.5279478 0.032938123 1.7630436 0.021526992 1.7821229 0.066217065 2.299934 0.071349144 241.1960049626685 6107017.221901459 1282878.6608242795 0.003215988561597846 5880878.592591626 0.0 0.39412442071763376 -99.0 0.21006632439540543 [2.274865109580223,2.299603301278276,2.3187511519195905,2.338216569719118,2.35075669850067] [1093739.3388473145,1168961.4523214335,1265136.4357784204,1364266.9196824569,1557267.7357289721] [5571929.60246267,5619219.6431269115,5895672.046773361,6216778.9739904925,6503869.576976117] [0.0031564749517600447,0.0031798750098360018,0.003218828000802927,0.0032634510058131647,0.003310444416531917] [0.285482849302227,0.32677829312441814,0.39839095337113417,0.48517302254423234,0.5719962867846639] [2.0302590250629456e-09,2.3291608306414517e-09,2.550360725964845e-09,2.7948171695186037e-09,3.0012833663786865e-09] 1.1769317 0.09099364 1.7080376 0.065562665 1.9810649 0.02132982
18822 34.4204567 -5.4773922 0.6902 24 0.67516154 47.35348 0.0009615886 3828.055752116374 79157.48615416403 0.6902 49.89789 0.0035162454 0.68194413 0.0012369142 0.68194413 53.898205 0.66586286 0.6689309 0.672006 0.67520344 0.6805153 4.036208 0.18299115 6.837632 0.11198783 8.910517 0.06119156 19.360188 0.4199133 4186.689758255512 5737687213.046877 3657366775.154628 2.3973564888624908 13091046755.855831 0.0 0.7055584956625606 -99.0 0.6374287477431976 [1.4534475885556908,1.4894919483731321,1.5166921266533555,1.5502514269187062,1.5687763571372328] [3246778070.6069784,3458743604.0612574,3649783787.9599857,3824599668.0416446,4181147920.8290577] [10259932033.986471,11555121579.994598,12951693269.049065,14227620890.30581,15747434228.85085] [1.9056119511697098,2.1023455660793617,2.365386500458664,2.5989801427877652,2.8289450926951614] [0.5895483167530441,0.6306324189748758,0.721559302830983,0.8389484822655157,0.9515965936456939] [5.038980287474668e-10,5.718334166159346e-10,6.499312012770109e-10,7.367338222377302e-10,8.363227647899217e-10] 2.5595393 0.063010335 7.120096 0.09734845 12.115423 0.16232538
222570 34.8995526 -4.7175849 -1.0 22 0.6682715 28.674978 0.0017781886 3828.055752116374 45020.33785230743 0.6682715 28.674978 0.0017781886 0.66520846 0.001894833 0.66520846 28.572908 0.64491636 0.6572215 0.6674657 0.67930025 0.6894411 1.3602402 0.078627706 3.6280332 0.15864658 7.0957627 0.06255746 21.76135 0.29993057 4024.7935076373105 4278091506.540335 10582594107.765324 0.29147831994809525 2513124566.2751527 0.0 0.3338585647865235 -99.0 2.47367175096341 [0.8437272892874186,0.8616814029505901,0.8940370949642271,0.9418281710599009,0.9871794340051795] [8568982961.6333475,9243907419.341785,10037699997.032959,10652238969.639889,11047340690.172155] [841355895.6391919,1220325334.6098797,2350158242.492488,3818470998.7806144,5633425697.520634] [0.02780321784117889,0.1095691004405902,0.2829678717992989,0.5053799718465377,0.8252472893532894] [0.22660771513194286,0.3028376927707411,0.34293233785455723,0.3874281591023169,0.44071591759725937] [2.923063130478664e-12,1.0653995150720031e-11,2.7552429766891254e-11,4.901853590667075e-11,7.801298431986967e-11] 0.4352187 0.02692449 4.1148415 0.32677543 11.967732 0.13453579
49956 34.3744437 -5.3640871 -1.0 24 2.8346026 44.979073 0.0046506533 3828.055752116374 79157.48615416403 2.8346026 44.979073 0.0046506533 2.8188539 0.0045844214 2.8188539 45.37025 2.7217336 2.7911756 2.8286805 2.860926 2.8900385 1.9070891 0.06886983 2.4646828 0.11685085 2.885533 0.110245585 2.766058 0.45195854 23738.849915114435 26330284516.710373 5968344921.0749655 10.957348310411094 45238020469.13979 0.0 0.23432426173568882 -99.0 0.2266722532864082 [1.8913605621118594,1.8947037903791046,1.9437676098783312,1.9894593512680214,2.059227136887875] [5464315328.784117,5479884337.419429,5920129106.739086,6424282180.436098,6982721680.191368] [26163916421.287563,37698446912.79466,45998838267.686676,54637480122.93043,55084393212.66391] [7.603991452312814,9.514531460395446,11.069977778787866,12.578983912955541,12.629212645482975] [0.14933374362292515,0.20270647812781908,0.23768196460102883,0.27111244259532635,0.2726972120450909] [1.08945065136546e-09,1.4837335885247224e-09,1.870810513988538e-09,2.295810657016206e-09,2.3054771548737222e-09] 1.3300674 0.043875873 2.4401922 0.115686536 2.9439874 0.19269633
95794 34.4665764 -5.1899382 -1.0 22 0.46832216 12.259995 0.001675119 3828.055752116374 79157.48615416403 0.46832216 12.259995 0.001675119 0.46221197 0.0024624933 0.46221197 12.861794 0.4510639 0.4597778 0.46845606 0.47814152 0.48718056 0.95229995 0.024801195 2.715035 0.029118538 4.8770757 0.06400061 13.620757 0.8438916 2619.3761254200085 1415025932.1283395 3124185304.0570493 0.018680346235448092 301862380.8491444 0.0 0.1892585250749891 -99.0 2.2078643458907954 [0.9302782745959381,0.9460057012846185,0.9633120694478208,0.9761026910195401,0.9973491911098429] [2942507795.813359,3050278350.6030602,3118129568.671394,3203010707.3316913,3283630986.1234627] [201461261.5551147,207816077.91097414,297072669.5469743,490807973.4212965,679722056.7042377] [0.0018977870188023802,0.0019512734685189167,0.01777204236965319,0.05208243457931647,0.0850955274160195] [0.14179044583674405,0.1651650933952908,0.19369947687109834,0.22596346729281072,0.25163653145911336] [6.042370292667744e-13,6.387436629680578e-13,5.727539624769896e-12,1.6799246085985516e-11,2.6202547681775962e-11] 0.3181826 0.021973148 3.0977683 0.039977312 8.029661 0.16961765
87409 34.6678149 -5.2213868 -1.0 24 1.4254498 13.825673 0.032348484 3828.055752116374 79157.48615416403 1.4254498 13.825673 0.032348484 1.4350086 0.030481875 1.4350086 13.462551 1.3676535 1.405729 1.433299 1.5200301 1.7311872 0.57866424 0.018399864 0.991689 0.06339002 1.2641938 0.09369618 2.1056519 0.25938767 10242.93684723796 3395477827.9908013 2515528565.2684927 0.9251597184755495 3313749543.572296 0.0 0.14953797118600562 -99.0 0.7408467063255721 [1.5119609298057515,1.5419513635705038,1.6208092845742361,1.721652557096354,1.8082142331883502] [2055625976.1872437,2268325122.0930214,2500479503.721534,2674021851.9099,2882122277.30545] [1146635296.682215,1361156198.3759794,3275975051.839199,4985053858.076026,6180144294.790129] [0.5074121915718213,0.604550499323324,0.9329302495217224,1.2323950871212797,1.3991883409067418] [0.07682825536303184,0.08229942477411042,0.14513564737146883,0.1965056322022294,0.22925522806134382] [2.1643948358134351e-10,2.5561634847694767e-10,3.6860838277038736e-10,4.858282197093303e-10,5.980918056450548e-10] 0.39376095 0.013495833 1.0361191 0.06455681 1.6566522 0.16167569
