diffhtwo/experimental/data/feniks_test_data/feniks_zout_selected_for_testing.ecsv
# %ECSV 1.0
# ---
# datatype:
# - {name: id, datatype: int64}
# - {name: ra, datatype: float64}
# - {name: dec, datatype: float64}
# - {name: z_spec, datatype: float64}
# - {name: nusefilt, datatype: int64}
# - {name: z_ml, datatype: float32}
# - {name: z_ml_chi2, datatype: float32}
# - {name: z_ml_risk, datatype: float32}
# - {name: lc_min, datatype: float64, format: .1f}
# - {name: lc_max, datatype: float64, format: .1f}
# - {name: z_phot, datatype: float32}
# - {name: z_phot_chi2, datatype: float32}
# - {name: z_phot_risk, datatype: float32}
# - {name: z_min_risk, datatype: float32}
# - {name: min_risk, datatype: float32}
# - {name: z_raw_chi2, datatype: float32}
# - {name: raw_chi2, datatype: float32, format: 8.4f}
# - {name: z025, datatype: float32, format: 8.4f}
# - {name: z160, datatype: float32, format: 8.4f}
# - {name: z500, datatype: float32, format: 8.4f}
# - {name: z840, datatype: float32, format: 8.4f}
# - {name: z975, datatype: float32, format: 8.4f}
# - {name: restU, datatype: float32, format: .3f}
# - {name: restU_err, datatype: float32, format: .3f}
# - {name: restB, datatype: float32, format: .3f}
# - {name: restB_err, datatype: float32, format: .3f}
# - {name: restV, datatype: float32, format: .3f}
# - {name: restV_err, datatype: float32, format: .3f}
# - {name: restJ, datatype: float32, format: .3f}
# - {name: restJ_err, datatype: float32, format: .3f}
# - {name: dL, unit: Mpc, datatype: float64, format: .1e}
# - {name: Lv, unit: solLum, datatype: float64, format: .2e}
# - {name: mass, unit: solMass, datatype: float64, format: .2e}
# - {name: sfr, unit: solMass / yr, datatype: float64, format: .3f, description: SFR over last 100 Myr}
# - {name: LIR, unit: solLum, datatype: float64, format: .2e, description: IR luminosity = energy_abs}
# - {name: energy_abs, unit: solLum, datatype: float64, format: .2e}
# - {name: Av, datatype: float64, format: .2f}
# - {name: lw_age_V, unit: Gyr, datatype: float64, format: .2f}
# - {name: MLv, unit: solMass / solLum, datatype: float64, format: .2f}
# - {name: Lv_p, unit: solLum, datatype: string, format: .2e, subtype: 'float64[5]'}
# - {name: mass_p, unit: solMass, datatype: string, format: .2e, subtype: 'float64[5]'}
# - {name: LIR_p, unit: solLum, datatype: string, format: .2e, subtype: 'float64[5]'}
# - {name: sfr_p, unit: solMass / yr, datatype: string, format: .3f, subtype: 'float64[5]'}
# - {name: Av_p, datatype: string, format: .2f, subtype: 'float64[5]'}
# - {name: ssfr_p, unit: 1 / yr, datatype: string, format: .2e, subtype: 'float64[5]'}
# - {name: rest414, datatype: float32, format: .3f}
# - {name: rest414_err, datatype: float32, format: .3f}
# - {name: rest415, datatype: float32, format: .3f}
# - {name: rest415_err, datatype: float32, format: .3f}
# - {name: rest416, datatype: float32, format: .3f}
# - {name: rest416_err, datatype: float32, format: .3f}
# meta: !!omap
# - version: !!python/tuple [0.6.3, Eazy-py version]
# - prior: !!python/tuple [true, Prior applied (templates/prior_K_TAO.dat)]
# - betprior: !!python/tuple [true, Beta prior applied]
# - fitter: !!python/tuple [nnls, Optimization method for template fits]
# - {SYS_ERR: 0.01}
# - {TEMP_ERR_FILE: templates/template_error_10.def}
# - {TEMP_ERR_A2: 0.2}
# - {PRIOR_FILTER: 265.0}
# - {PRIOR_ABZP: 25.0}
# - {IGM_SCALE_TAU: 1.0}
# - {APPLY_IGM: y}
[...]
# - ZP259: !!python/tuple [1.009998, ZP offset in filter 259 (fcol_VIDEO_Ks)]
# - ZP265: !!python/tuple [1.0, ZP offset in filter 265 (fcol_UDS_K)]
# - ZP18: !!python/tuple [1.004935, ZP offset in filter 18 (fcol_ch1)]
# - ZP19: !!python/tuple [1.020487, ZP offset in filter 19 (fcol_ch2)]
# - ZP20: !!python/tuple [0.873884, ZP offset in filter 20 (fcol_ch3)]
# - ZP21: !!python/tuple [0.911839, ZP offset in filter 21 (fcol_ch4)]
# - FNUSCALE: !!python/tuple [3.630780547701009e-30, Scale factor to f-nu CGS]
# - COSMOL: !!python/tuple [null, Cosmological model]
# - COS_OM: !!python/tuple [0.3, Omega matter]
# - COS_OL: !!python/tuple [0.7, Omega lambda]
# - COS_H0: !!python/tuple [70.0, Hubble constant]
# - RF_PADW: !!python/tuple [0.5, pad_width for RF fluxes]
# - RF_PADM: !!python/tuple [2, max_err for RF fluxes]
# - name414: !!python/tuple [synthetic_u, Filter name]
# - pivot414: !!python/tuple [2897.6857795148794, 'Pivot wavelength, Angstrom']
# - name415: !!python/tuple [synthetic_g, Filter name]
# - pivot415: !!python/tuple [4498.510075460355, 'Pivot wavelength, Angstrom']
# - name416: !!python/tuple [synthetic_i, Filter name]
# - pivot416: !!python/tuple [7494.424634848719, 'Pivot wavelength, Angstrom']
# schema: astropy-2.0
id ra dec z_spec nusefilt z_ml z_ml_chi2 z_ml_risk lc_min lc_max z_phot z_phot_chi2 z_phot_risk z_min_risk min_risk z_raw_chi2 raw_chi2 z025 z160 z500 z840 z975 restU restU_err restB restB_err restV restV_err restJ restJ_err dL Lv mass sfr LIR energy_abs Av lw_age_V MLv Lv_p mass_p LIR_p sfr_p Av_p ssfr_p rest414 rest414_err rest415 rest415_err rest416 rest416_err
36886 34.6897527 -5.4124922 -1.0 24 1.5213099 57.009842 0.0016810803 3828.055752116374 79157.48615416403 1.5213099 57.009842 0.0016810803 1.5091658 0.001055534 1.5091658 54.723137 1.5350991 1.5393754 1.542937 1.547315 1.5493451 1.4066212 0.02732265 1.7416008 0.08247638 1.7862394 0.17778158 1.8509859 0.21043861 11099.916934576395 5419801117.631665 899442164.8972957 2.7226367052137603 8172808919.609455 0.0 0.19033788246539002 -99.0 0.16595482848461648 [2.1015275978923413,2.1209824886379214,2.134967778347,2.151052950755151,2.1696425092732716] [869552072.1622863,884730827.6280214,898078039.1864004,909847336.45226,926480191.9136221] [7758760316.064704,7969022042.5789795,8153912546.464581,8316945198.81646,8547349655.496927] [2.7080524502135344,2.717024177524996,2.7233725117579306,2.730571969647066,2.7387593584740944] [0.1774237961941286,0.18405546923634072,0.1897612111649305,0.1946978283215138,0.20152800853937075] [2.922947775623737e-09,2.9862418605620575e-09,3.0324452815198868e-09,3.086330786095547e-09,3.1496211906919153e-09] 1.1290845 0.017704427 1.6938226 0.10097331 1.7570812 0.15159392
211301 34.0361177 -4.7590483 -1.0 23 1.7208858 17.200533 0.0032007978 3828.055752116374 79157.48615416403 1.7208858 17.200533 0.0032007978 1.7181468 0.0032812168 1.7181468 17.242601 1.6803378 1.7004108 1.7209913 1.7449206 1.7753861 1.7757246 0.04866463 2.7201333 0.08959019 3.275915 0.28622103 5.9730406 0.73472166 12920.2775054192 12479480487.4588 3800230181.3692436 6.994846840264652 35460509946.46292 0.0 1.0179816617271689 -99.0 0.30451829987540496 [1.5746363617750463,1.6021822155958174,1.6484706145664918,1.7241280245448494,1.7525691131235084] [3509550766.8377748,3751956328.156323,4136675199.6969247,4788977061.426264,5805134971.310871] [23624863654.016495,27671066080.609642,33704051063.713406,39432439638.53802,43396976370.83625] [4.574321005254592,5.523852320067605,6.771384427962488,7.681727730763079,8.317467659603336] [0.5043440426070254,0.7819252790530451,1.0218808948081393,1.1769171136270076,1.3201943988070923] [9.528504999638814e-10,1.2181941428285168e-09,1.559650858865857e-09,1.9895977282903e-09,2.3077845911517076e-09] 1.2125622 0.021064043 2.713899 0.1079576 4.1610394 0.17136669
228669 34.4966926 -4.6964937 -1.0 24 0.4232726 36.432037 0.03175568 3828.055752116374 79157.48615416403 0.4232726 36.432037 0.03175568 0.39089903 0.015202073 0.41899708 34.44521 0.34484673 0.36502534 0.37464038 0.41816783 0.42471913 0.64602494 0.015570879 1.081885 0.015886068 1.334449 0.024776638 1.8679425 0.09824246 2322.3812871731366 313986835.2069442 174769562.21014008 0.056364326845528646 120258699.02458285 0.0 0.07879764892697395 -99.0 0.556614299115286 [1.7018094701121613,1.762934104280374,1.8245376771467237,1.8615549691915492,1.8777221309239993] [164763510.4213953,169364261.5186523,176412528.078757,204811969.73916274,229022643.54957807] [84575505.43355706,102674400.6993074,118185977.93573526,134680105.5878804,148105744.58329162] [0.03277120614778963,0.04502814988946687,0.05520770314311621,0.06525597129766564,0.07388487943118364] [0.07427069266091574,0.0762359818119206,0.07931118602504633,0.0858208549877828,0.09196542423632272] [1.431301295160475e-10,2.3132346007251126e-10,3.1557915389059247e-10,3.731700643015861e-10,4.121144906764927e-10] 0.4255111 0.012687668 1.1063474 0.028516889 1.6084409 0.069669485
200207 34.6549012 -4.8007103 -1.0 19 1.1378598 9.761306 0.006052926 3828.055752116374 79157.48615416403 1.1378598 9.761306 0.006052926 1.13817 0.006049468 1.13817 9.759172 1.0912275 1.1141958 1.1387168 1.1652945 1.1916379 1.0144389 0.029414266 2.7494843 0.049321532 5.208153 0.09407878 23.633396 2.1978617 7751.624722053971 9089090822.362604 21206786023.888306 3.626214931097203 29572046346.960518 0.0 1.560959286671773 -99.0 2.3332131275123342 [0.6557081471046312,0.7291338431336267,0.7952257742385931,0.837970642874156,0.8762944352421159] [15524788227.61122,18217133847.9407,20367643736.7978,22355802595.22093,24956001111.419243] [20367006032.12621,26860454764.83426,39479811841.59538,55242763727.12995,71987300392.17702] [2.596423966418242,3.3024306215219315,5.131767946413124,6.970141751771445,9.171231236176668] [1.3518401981337709,1.4908386240806326,1.6566328936564756,1.7631687648441317,1.8562681377807866] [9.882975079609604e-11,1.5406470735796483e-10,2.4638783993988626e-10,3.7231601824870455e-10,5.562961308832406e-10] 0.34123155 0.015780345 3.1327777 0.08828044 10.1123705 0.4017501
123183 34.8086673 -5.0915615 -1.0 24 1.6727892 45.10433 0.0014876811 3828.055752116374 79157.48615416403 1.6727892 45.10433 0.0014876811 1.6643239 0.0018985996 1.6643239 45.337097 1.6405401 1.6578839 1.6718423 1.6903437 1.70582 1.7467233 0.04416746 2.4286413 0.2004205 2.8124754 0.29327762 5.5121527 0.44534802 12477.393688838078 10171905326.269806 3389756860.427454 5.134291406457273 20801457428.100887 0.0 0.6761900839645737 -99.0 0.3332469927411849 [1.7161177868833446,1.7823143244490751,1.8489433412687726,1.9145387127485296,1.9785136636942795] [3012850890.9844904,3181638687.180953,3420100257.340851,3661502765.247805,3847346973.4846087] [11813410594.821585,15181977652.061281,20529768682.94756,26361186995.95646,31338950649.09015] [3.186061139677266,3.895165709134593,4.958716997852717,6.307861776748634,7.326762547854881] [0.5662096222876333,0.6179448337295533,0.6711633249438402,0.7273563871609122,0.7735228608855378] [8.213733341561364e-10,1.0652254691661218e-09,1.4536342936025444e-09,1.967452456279944e-09,2.2947455884398345e-09] 1.1704632 0.021414816 2.4596944 0.34216356 3.1769664 0.20587385
57534 34.4895283 -5.3334506 -1.0 22 0.43456206 52.264774 0.00086331076 3828.055752116374 79157.48615416403 0.43456206 52.264774 0.00086331076 0.43325824 0.00088185736 0.43325824 52.376984 0.42025194 0.42775235 0.4343939 0.44192916 0.4475085 4.381014 0.045057535 13.491985 0.12418556 26.333548 0.36835957 87.727455 0.63189316 2396.0624043119096 6543600670.998124 19527905963.2439 0.42744208141723716 3980132769.9647717 0.0 0.5201799675840804 -99.0 2.9842753164620026 [0.7798469833542766,0.787567572224676,0.8046988568404114,0.8341398404341966,0.8614387750175472] [17419874706.489754,18416809710.200523,19266557569.901604,19819627622.83999,20219886867.510475] [2484419666.427691,2975283026.664371,3927532709.561695,4863580643.242186,5652734965.733052] [0.1879442354728,0.2813216942819112,0.42026423510931943,0.5802610801848267,0.7116143110485144] [0.4371168696515213,0.4767241832750976,0.5146602752221527,0.555649939550041,0.5770556328695495] [1.0379662942286594e-11,1.4883879238887355e-11,2.208935030852888e-11,2.936277710166075e-11,3.6079180507149085e-11] 1.3332562 0.09499079 15.945375 0.16512108 47.757084 0.77874756
43743 34.4949598 -5.387186 -1.0 24 3.6342504 32.60838 0.03937088 3828.055752116374 79157.48615416403 3.6342504 32.60838 0.03937088 3.6643586 0.037919834 3.6643586 32.671017 3.4058635 3.5366144 3.6614306 3.822938 3.9768267 0.7063151 0.0811781 1.8617053 0.08444846 2.7690701 0.15071106 4.7562127 0.8631239 31979.43068851684 37942539767.76523 28486744861.234818 0.07384992506200624 4309206842.344073 0.0 0.110746928548095 -99.0 0.750786453294733 [1.4858750736942676,1.4858750736942676,1.4858750736942676,1.4858750736942676,1.4858750736942676] [28486744861.234814,28486744861.234814,28486744861.234814,28486744861.234814,28486744861.234814] [4309206842.344073,4309206842.344073,4309206842.344073,4309206842.344073,4309206842.344073] [0.07384992506200624,0.07384992506200624,0.07384992506200624,0.07384992506200624,0.07384992506200624] [0.110746928548095,0.110746928548095,0.110746928548095,0.110746928548095,0.110746928548095] [2.592431161290819e-12,2.592431161290819e-12,2.592431161290819e-12,2.592431161290819e-12,2.592431161290819e-12] 0.2833148 0.039568327 2.0737257 0.08275914 2.7094483 0.24783647
124268 34.4608773 -5.0874673 -1.0 24 2.219084 20.12389 0.01510344 3828.055752116374 79157.48615416403 2.219084 20.12389 0.01510344 2.1897748 0.013678178 2.2218325 20.13617 2.0759892 2.1423302 2.2063541 2.2504485 2.2906196 0.85699457 0.04125768 1.3595128 0.09393537 1.4895673 0.18961257 2.6513715 0.28635943 17640.83015285336 8941211531.655396 3594294097.6354675 1.3524625019239414 6640181475.363569 0.0 0.4169140775751729 -99.0 0.40199184248244846 [1.9016338822975816,1.925202038818826,1.9464993607853014,1.9634000619943905,1.985825534647903] [3211623808.458629,3379375378.644092,3546730058.641101,3769528606.4817767,4055242617.1828203] [5203583144.48359,5890248595.939744,6641599929.075897,7405988389.983712,7996337400.673383] [1.0265164407819827,1.1760447467377866,1.3498445534662427,1.5251376312519522,1.6619615922669648] [0.22101109630025828,0.3271860204888451,0.4050906003960245,0.49283427783648215,0.5963091321617108] [2.837106232559272e-10,3.345199537895208e-10,3.7866309425061495e-10,4.251443706779831e-10,4.6535746888269694e-10] 0.5777793 0.025929034 1.3851544 0.11633307 1.6989914 0.14510256
2296 34.1873802 -5.542667 -1.0 19 1.4739356 35.41712 0.2621541 3828.055752116374 79157.48615416403 1.4739356 35.41712 0.2621541 1.5343833 0.25426668 1.4841992 35.20758 1.3661107 1.4595969 1.7480361 2.0712721 2.268721 0.24318798 0.020568438 0.5443553 0.048363715 1.0623863 0.13594693 6.463649 0.38800526 10674.89173528219 3038445978.0685434 5003360514.237443 4.257203459130929 30917534129.803947 0.0 2.412937599267289 -99.0 1.6466840451834992 [0.6743687419014242,0.7531423867962042,0.8870694540441959,0.9856978505271942,1.0334705381401823] [2955171605.754178,3299423563.6027184,4438252559.81595,5683938979.390902,6337343476.299192] [2990700865.658224,8211149399.59014,18210479238.92002,27426556903.378452,37268621270.96434] [0.4303017403178712,1.1688603672903084,2.480037714555745,3.940845152118473,5.237600808121009] [0.9600428707641873,1.5336592390709451,2.1330957064617095,2.3001954298265885,2.5360627657794605] [7.747444424273104e-11,2.190891236815721e-10,6.301859299549101e-10,9.754722202632237e-10,1.2689467395983149e-09] 0.0821179 0.013936218 0.58123595 0.05306557 2.6405249 0.20495522
157213 34.6555757 -4.9661405 -1.0 18 2.0053544 57.65667 0.0028949436 4447.9638671972125 79157.48615416403 2.0053544 57.65667 0.0028949436 2.0040169 0.0029540476 2.0040169 57.66509 1.9641185 1.992243 2.0100398 2.0279114 2.0616791 1.8622959 0.11446488 3.2174444 0.1265651 4.024129 0.13367641 5.877601 0.34892225 15588.124422348901 20202004523.932438 6109779063.256531 12.991347934081523 71597293056.86774 0.0 0.5615467564820052 -99.0 0.30243429833997615 [1.4690789504715243,1.5221190060074352,1.5800586918212702,1.6235279795950628,1.6545892030015066] [5560566010.715557,5848822834.288034,6103247166.638411,6297533102.394649,6455705535.099158] [57411540874.84361,63411152147.37597,71159518357.9677,81767632860.48364,94324873218.88512] [10.35406668305785,11.47384405411912,12.850664894340706,14.802642578211639,17.233015669542233] [0.49257162072014166,0.5213905923804527,0.5595038367025136,0.6081075120297645,0.6521145478543009] [1.6031643052393974e-09,1.8221106242247932e-09,2.09032967114306e-09,2.5036827427538575e-09,3.1138711053148514e-09] 1.2814753 0.028603971 3.3061528 0.23060107 4.296278 0.09306526
121305 34.2750488 -5.0970481 -1.0 16 1.0625554 119.444176 0.0059505627 3828.055752116374 79157.48615416403 1.0625554 119.444176 0.0059505627 1.0749775 0.004864571 1.0543312 119.35807 1.0514066 1.0576397 1.0641804 1.0871296 1.1180145 1.5599571 0.034626663 2.8293588 0.09614742 4.5674715 0.1944027 24.966198 1.1330204 7121.992662116153 6974350466.993693 11351536791.59182 8.539988980245772 53680575291.522095 0.0 1.7588908079407677 -99.0 1.6276120400477838 [0.9041665784615995,0.9093161720251505,0.9147783883362903,0.9232084914220886,0.9285336458053922] [10931827214.972618,11158858120.43828,11332790659.929817,11494921418.782194,11637603295.417387] [52216451094.1194,52879017225.464005,53668709448.024765,54516478279.52323,55424831505.72058] [8.337567166950647,8.43138381859319,8.542079064714784,8.648626229973944,8.784867434238345] [1.7372156100364275,1.7488491152187977,1.7577347531572052,1.7663271988581093,1.7739262405900214] [7.178488194124505e-10,7.348059387967816e-10,7.530578961954511e-10,7.724500205767724e-10,7.997755602107877e-10] 0.8506206 0.01770553 2.9140584 0.067130566 8.936432 0.2320447
178609 34.5994335 -4.8863691 -1.0 12 1.2207574 120.68911 0.0056375796 5470.120331199217 79157.48615416403 1.2207574 120.68911 0.0056375796 1.2254304 0.0058606328 1.2254304 120.779205 0.98847985 1.2047493 1.2201968 1.2386818 1.2473058 10.463408 0.3385949 20.034275 14.090084 27.351606 1.6894522 77.77608 2.879673 8456.344443272515 54686171648.83145 47582042039.75897 19.97637971423127 78530693311.09732 0.0 1.273673878257585 -99.0 0.870092760292459 [1.3914045471086238,1.412854204424738,1.4375361202237897,1.4554937113907227,1.4716252493987196] [39209229820.96073,42749964710.32076,47029859722.74338,50623199231.454765,53010521994.23239] [59388607191.148575,67823325219.07605,79577766681.97006,92244208292.45415,101732104828.56514] [17.086826575877648,18.237665438392405,19.996866258478377,21.756335600609543,23.304416638081438] [1.1049295569098447,1.185553713927473,1.2858579846696223,1.3776136552958724,1.4575097608647167] [3.298422846993049e-10,3.737368710898592e-10,4.2750799422187054e-10,4.897972044491893e-10,5.616463811079008e-10] 5.978765 0.084602594 20.851427 4.167491 39.551743 0.4534359
60921 34.0365043 -5.3208152 -1.0 15 0.4226723 123.04838 0.015441896 4797.3468847228005 45020.33785230743 0.4226723 123.04838 0.015441896 0.41899708 0.015165878 0.41899708 113.26281 0.41630656 0.56346464 0.59295607 0.5956542 0.5967243 1.6800603 0.038680077 2.312265 0.04747486 2.8466785 0.11969948 3.008091 0.09700167 2318.4775399033033 667836064.8797673 187830410.09555048 0.17324522496061448 333496681.8218927 0.0 0.06868671316951813 -99.0 0.2812522712881135 [2.1185373814209307,2.146588600975037,2.1681019890213444,2.183757435830526,2.19631820976499] [180116362.96649772,184507000.05259398,188872271.77904534,194312828.7189656,200209592.77050945] [272890261.51001006,295916420.035226,328583176.04278696,354203561.6436843,389025266.9930558] [0.13365309529434544,0.14871791983259555,0.16999542123938122,0.18671500319243928,0.2094847384964713] [0.0629334529908202,0.0641371822891005,0.06816067540955645,0.07181662892726727,0.07499535552440198] [6.927777514782325e-10,7.826362297637441e-10,8.894685725100908e-10,9.995235679986535e-10,1.1299089699647547e-09] 1.254303 0.11317569 2.3274076 0.077025056 3.0609925 0.099931955
12314 33.9972284 -5.5029465 -1.0 11 1.0562266 11.284975 0.026312802 3828.055752116374 45020.33785230743 1.0562266 11.284975 0.026312802 1.0338902 0.024412988 1.0543312 11.301892 0.9522449 0.9963966 1.0447719 1.076593 1.1843535 1.0982815 0.08463955 2.7900684 0.0677377 4.185918 0.16031146 11.491241 0.6938014 7069.559584681431 6317349457.256676 9422422944.429571 0.6551936955726826 5431229609.139648 0.0 0.45286010694874923 -99.0 1.491515232485062 [1.1094624160830808,1.1414038961552868,1.173472505854328,1.2119250825999284,1.252429004447694] [8373277091.240267,8835110070.300566,9377226488.317093,9905793540.768526,10297268604.341398] [1265591034.561522,1632912282.976635,5356285860.255592,10803011570.16515,14339930016.044573] [0.01606757282527357,0.017297223745811524,0.6223700560622473,1.5021531338423106,2.0661137009873984] [0.2528572479492351,0.3303038865519465,0.4327129255454041,0.552103006452231,0.7184304378646071] [1.5951001731813681e-12,1.8186409206853913e-12,6.458532059253467e-11,1.6939733257042857e-10,2.4779778007675833e-10] 0.5399438 0.24281496 3.0934901 0.08301294 6.8469577 0.23524404
