diffhtwo/experimental/data/feniks_test_data/feniks_zout_selected_for_testing.ecsv
# %ECSV 1.0
# ---
# datatype:
# - {name: id, datatype: int64}
# - {name: ra, datatype: float64}
# - {name: dec, datatype: float64}
# - {name: z_spec, datatype: float64}
# - {name: nusefilt, datatype: int64}
# - {name: z_ml, datatype: float32}
# - {name: z_ml_chi2, datatype: float32}
# - {name: z_ml_risk, datatype: float32}
# - {name: lc_min, datatype: float64, format: .1f}
# - {name: lc_max, datatype: float64, format: .1f}
# - {name: z_phot, datatype: float32}
# - {name: z_phot_chi2, datatype: float32}
# - {name: z_phot_risk, datatype: float32}
# - {name: z_min_risk, datatype: float32}
# - {name: min_risk, datatype: float32}
# - {name: z_raw_chi2, datatype: float32}
# - {name: raw_chi2, datatype: float32, format: 8.4f}
# - {name: z025, datatype: float32, format: 8.4f}
# - {name: z160, datatype: float32, format: 8.4f}
# - {name: z500, datatype: float32, format: 8.4f}
# - {name: z840, datatype: float32, format: 8.4f}
# - {name: z975, datatype: float32, format: 8.4f}
# - {name: restU, datatype: float32, format: .3f}
# - {name: restU_err, datatype: float32, format: .3f}
# - {name: restB, datatype: float32, format: .3f}
# - {name: restB_err, datatype: float32, format: .3f}
# - {name: restV, datatype: float32, format: .3f}
# - {name: restV_err, datatype: float32, format: .3f}
# - {name: restJ, datatype: float32, format: .3f}
# - {name: restJ_err, datatype: float32, format: .3f}
# - {name: dL, unit: Mpc, datatype: float64, format: .1e}
# - {name: Lv, unit: solLum, datatype: float64, format: .2e}
# - {name: mass, unit: solMass, datatype: float64, format: .2e}
# - {name: sfr, unit: solMass / yr, datatype: float64, format: .3f, description: SFR over last 100 Myr}
# - {name: LIR, unit: solLum, datatype: float64, format: .2e, description: IR luminosity = energy_abs}
# - {name: energy_abs, unit: solLum, datatype: float64, format: .2e}
# - {name: Av, datatype: float64, format: .2f}
# - {name: lw_age_V, unit: Gyr, datatype: float64, format: .2f}
# - {name: MLv, unit: solMass / solLum, datatype: float64, format: .2f}
# - {name: Lv_p, unit: solLum, datatype: string, format: .2e, subtype: 'float64[5]'}
# - {name: mass_p, unit: solMass, datatype: string, format: .2e, subtype: 'float64[5]'}
# - {name: LIR_p, unit: solLum, datatype: string, format: .2e, subtype: 'float64[5]'}
# - {name: sfr_p, unit: solMass / yr, datatype: string, format: .3f, subtype: 'float64[5]'}
# - {name: Av_p, datatype: string, format: .2f, subtype: 'float64[5]'}
# - {name: ssfr_p, unit: 1 / yr, datatype: string, format: .2e, subtype: 'float64[5]'}
# - {name: rest414, datatype: float32, format: .3f}
# - {name: rest414_err, datatype: float32, format: .3f}
# - {name: rest415, datatype: float32, format: .3f}
# - {name: rest415_err, datatype: float32, format: .3f}
# - {name: rest416, datatype: float32, format: .3f}
# - {name: rest416_err, datatype: float32, format: .3f}
# meta: !!omap
# - version: !!python/tuple [0.6.3, Eazy-py version]
# - prior: !!python/tuple [true, Prior applied (templates/prior_K_TAO.dat)]
# - betprior: !!python/tuple [true, Beta prior applied]
# - fitter: !!python/tuple [nnls, Optimization method for template fits]
# - {SYS_ERR: 0.01}
# - {TEMP_ERR_FILE: templates/template_error_10.def}
# - {TEMP_ERR_A2: 0.2}
# - {PRIOR_FILTER: 265.0}
# - {PRIOR_ABZP: 25.0}
# - {IGM_SCALE_TAU: 1.0}
# - {APPLY_IGM: y}
[...]
# - ZP259: !!python/tuple [1.009998, ZP offset in filter 259 (fcol_VIDEO_Ks)]
# - ZP265: !!python/tuple [1.0, ZP offset in filter 265 (fcol_UDS_K)]
# - ZP18: !!python/tuple [1.004935, ZP offset in filter 18 (fcol_ch1)]
# - ZP19: !!python/tuple [1.020487, ZP offset in filter 19 (fcol_ch2)]
# - ZP20: !!python/tuple [0.873884, ZP offset in filter 20 (fcol_ch3)]
# - ZP21: !!python/tuple [0.911839, ZP offset in filter 21 (fcol_ch4)]
# - FNUSCALE: !!python/tuple [3.630780547701009e-30, Scale factor to f-nu CGS]
# - COSMOL: !!python/tuple [null, Cosmological model]
# - COS_OM: !!python/tuple [0.3, Omega matter]
# - COS_OL: !!python/tuple [0.7, Omega lambda]
# - COS_H0: !!python/tuple [70.0, Hubble constant]
# - RF_PADW: !!python/tuple [0.5, pad_width for RF fluxes]
# - RF_PADM: !!python/tuple [2, max_err for RF fluxes]
# - name414: !!python/tuple [synthetic_u, Filter name]
# - pivot414: !!python/tuple [2897.6857795148794, 'Pivot wavelength, Angstrom']
# - name415: !!python/tuple [synthetic_g, Filter name]
# - pivot415: !!python/tuple [4498.510075460355, 'Pivot wavelength, Angstrom']
# - name416: !!python/tuple [synthetic_i, Filter name]
# - pivot416: !!python/tuple [7494.424634848719, 'Pivot wavelength, Angstrom']
# schema: astropy-2.0
id ra dec z_spec nusefilt z_ml z_ml_chi2 z_ml_risk lc_min lc_max z_phot z_phot_chi2 z_phot_risk z_min_risk min_risk z_raw_chi2 raw_chi2 z025 z160 z500 z840 z975 restU restU_err restB restB_err restV restV_err restJ restJ_err dL Lv mass sfr LIR energy_abs Av lw_age_V MLv Lv_p mass_p LIR_p sfr_p Av_p ssfr_p rest414 rest414_err rest415 rest415_err rest416 rest416_err
165989 34.5098584 -4.9303922 -1.0 24 1.0123922 75.51958 5.8672824e-05 3828.055752116374 79157.48615416403 1.0123922 75.51958 5.8672824e-05 1.0136527 4.4840133e-05 1.0136527 75.509575 1.001206 1.0070798 1.0128901 1.0186579 1.0247111 6.714696 0.15265226 16.191097 0.11877537 29.302164 0.89202595 109.33876 5.7939377 6708.5349672463535 40688619894.213776 91281302577.42238 11.725908644628861 76119319639.54738 0.0 0.8800030095941881 -99.0 2.243411126126774 [0.9295357561485843,0.9376048316970709,0.946449022133683,0.9595290475225084,0.9671512427146752] [88738376877.99724,89964003874.73837,91366373648.20653,93128063628.76042,93678333920.49663] [65035891017.634926,70852821246.41403,77179632792.37419,82606718239.3605,86728664162.66806] [9.797287292481276,10.802855357636325,11.925298388040368,12.843235552852448,13.56618255067404] [0.8435338128418977,0.8598879825110504,0.8801908388390196,0.901957214733389,0.9142192784313999] [1.0762356457539777e-10,1.1937952479197934e-10,1.2874467635882244e-10,1.400907619760543e-10,1.5019825196117347e-10] 3.021215 0.04003966 18.585554 0.10597324 52.055233 1.5945034
226012 34.0120562 -4.7058781 -1.0 16 0.88180906 11.612793 0.00916954 4797.3468847228005 45020.33785230743 0.88180906 11.612793 0.00916954 0.87751734 0.008507968 0.87751734 11.101563 0.79467714 0.8765585 0.88143766 0.8850388 0.9131817 0.99950284 0.03432545 1.5330164 0.04537201 1.6496311 0.069168985 2.2016623 0.078496575 5656.69287900515 1741674613.7277617 578176887.5523064 0.6328464311749754 2257421757.0225086 0.0 0.18255180487802425 -99.0 0.33196607620915825 [1.592902145446648,1.7257084958502245,1.8241457353025399,1.9428262936725278,2.013731861930456] [499656834.19410807,571313730.7262653,709499970.4509013,920145762.6212175,1136201030.6067808] [828393564.4774125,935821950.3127942,1999611145.7543588,3019877477.48791,3539967080.484091] [0.40175612827323337,0.45407311564036695,0.5686406083410578,0.7274532484832583,0.8095624109337086] [0.07692455089671894,0.0887755261529982,0.17042184754128778,0.2341048251819579,0.26172161295643404] [4.586602099433527e-10,5.315628254501263e-10,7.290594210272715e-10,1.2781936012077544e-09,1.575538783597846e-09] 0.6986942 0.028766543 1.5685207 0.053125083 1.905334 0.16699392
129225 34.404384 -5.0683198 -1.0 24 1.2816368 34.321564 0.002322739 3828.055752116374 79157.48615416403 1.2816368 34.321564 0.002322739 1.270387 0.0025708454 1.2932048 34.134296 1.2434305 1.2593188 1.2766373 1.2897019 1.297038 0.8833075 0.017292768 2.608797 0.06414616 5.130346 0.083223104 14.609229 0.25133324 8981.100498203903 11261332111.012526 29849396256.28028 0.2259754822308054 3078646859.068452 0.0 0.21121112474452478 -99.0 2.650609711358248 [0.8141901397907534,0.8244967878886263,0.8407336241275395,0.855400852482975,0.8722210894077824] [27734827804.2454,28839935051.4659,29874744510.567554,31014153874.1035,31858222468.84896] [1842417722.058162,2199835749.2684097,3100975435.989797,4392638642.694787,5432301839.810143] [0.012382777162977874,0.07973264076871418,0.23650328188018563,0.46086042296703705,0.6458696516669752] [0.13521700715007323,0.15692012837942065,0.20945372414792407,0.2781856829954599,0.3134835338632035] [4.2265461465138763e-13,2.638974959539823e-12,7.820873123159537e-12,1.5092493398968184e-11,2.1198667375419893e-11] 0.25667685 0.011886328 3.074634 0.099377275 8.43946 0.21849155
192897 34.4525714 -4.8311312 -1.0 24 1.1924928 23.274971 0.0010998467 3828.055752116374 79157.48615416403 1.1924928 23.274971 0.0010998467 1.203287 0.0017040155 1.203287 21.345402 1.1731495 1.1758246 1.1807864 1.2036386 1.2071239 1.0730493 0.018137217 1.7116975 0.03785962 2.1569164 0.07440007 3.564981 0.24565625 8214.756337414583 4122066606.551201 2568345399.0364923 1.0088436693600622 2775459793.814366 0.0 0.11216115330544699 -99.0 0.6230722703399845 [1.600891894346372,1.6646594927813732,1.7264222179301982,1.7659785403985708,1.795177917014111] [2370962765.047969,2497637809.847472,2619828336.883588,2953477096.800179,3261680536.1197] [1799826868.2252216,2140340446.13389,2721203731.201325,3518711743.529603,4116920272.501524] [0.8236444494339322,0.890486698224986,0.9978665420675068,1.100071445773689,1.2285450017211699] [0.0819467811803182,0.09305428458270582,0.11397562469575076,0.13642931420340515,0.15314588335897197] [2.540846944089886e-10,3.1475108573174367e-10,3.810624317561489e-10,4.2422340922957535e-10,5.013460568365467e-10] 0.74572396 0.014528006 1.7477767 0.062201917 2.879997 0.10550082
26987 34.5934699 -5.4469882 -1.0 24 1.4242913 206.95988 0.0008605719 3828.055752116374 79157.48615416403 1.4242913 206.95988 0.0008605719 1.4350086 2.993697e-06 1.4350086 204.2378 1.4074392 1.4313624 1.4348074 1.4382592 1.43963 2.7521963 0.028213382 3.9237037 0.10775316 4.6615143 0.38954735 7.8159027 0.6614337 10232.653206297126 12501130624.068754 3996639807.119781 5.708107314336593 25791987027.65862 0.0 0.568120023333076 -99.0 0.3197022675233027 [1.7584450349595764,1.7862748789149459,1.823127469276878,1.8508109238828656,1.873382562676641] [3569875059.483419,3777695142.428533,3963571280.1379504,4126184799.03286,4218838310.972477] [21081088944.05133,22995548021.83401,25886598266.948715,29510036385.556164,32449722343.53715] [4.822159448368279,5.2329482154947335,5.760919296720042,6.422256131787088,6.98091974420846] [0.5136712081198104,0.543488197888286,0.5664006415656974,0.5923843744562812,0.6087442785493427] [1.1520509659324206e-09,1.2816203269398093e-09,1.4508597350365513e-09,1.6960572997658773e-09,1.871471156967216e-09] 1.8878982 0.022878885 3.8656173 0.11480045 5.918764 1.0782218
56761 34.7518719 -5.3363377 -1.0 24 1.874279 16.322275 0.021671202 3828.055752116374 79157.48615416403 1.874279 16.322275 0.021671202 1.8862276 0.021338478 1.8862276 16.341951 1.7328843 1.83189 1.8863286 1.9454484 2.011343 0.73475957 0.040830225 2.2673738 0.06485653 3.6901598 0.11723554 10.538175 0.3168049 14349.042048437488 16413174353.06127 27431367350.290432 1.7356250446432993 15557440959.27814 0.0 0.883462169050789 -99.0 1.671301770164534 [0.9867864301954872,1.00837674196093,1.02835996630348,1.0447408591574678,1.0626297016276833] [22581578047.651592,25060121518.698666,27322001150.974693,29852897925.09852,32697073485.823353] [7292144871.584513,10160505676.140528,15479289341.722572,20311690551.962406,23952116919.251472] [0.6750637137977509,1.0501477311439111,1.7307604133460808,2.3375452731434483,2.803833396513041] [0.46811295912328543,0.642376298197871,0.8829630793548447,1.065242222428865,1.1800799944338738] [2.1014227514961236e-11,3.5453862382343227e-11,6.223449466454501e-11,9.519025157046906e-11,1.205415430210812e-10] 0.26155296 0.01561819 2.6038501 0.09288657 6.1181965 0.11437106
57459 34.3307238 -5.3355285 -1.0 24 1.423114 463.39334 0.001059356 3828.055752116374 79157.48615416403 1.423114 463.39334 0.001059356 1.4350086 1.1137151e-07 1.4350086 460.67844 1.4013506 1.4026499 1.4059219 1.4092252 1.410537 8.20407 0.05278921 8.731492 0.1235795 11.827214 1.3506756 12.248105 0.6889405 10222.205831330557 31668563165.909622 4939136058.089047 19.71549926540482 57734060635.28413 0.0 0.32531731693896504 -99.0 0.1559633770630269 [2.111292361068479,2.120210211113482,2.1292652083078076,2.1420527055250034,2.1486757445052014] [4878966118.273437,4916645198.244953,4963874562.780949,5035846094.544018,5087069615.678091] [55272960646.49878,56118702247.57007,57592366356.27123,58646467990.810394,59602447987.12133] [19.449163924468717,19.543539380708793,19.699442167079773,19.81269009478612,19.91341413657351] [0.31527737825131286,0.32125498206969905,0.3282762141340968,0.33781836994553927,0.34300809755750244] [3.8230564891836e-09,3.906288251782657e-09,3.974996588341557e-09,4.011894308981574e-09,4.019750349575829e-09] 6.283233 0.04290819 8.911641 0.21890783 10.451728 0.23163986
100639 34.3950219 -5.1699282 0.4318 24 0.43012685 47.53642 0.0004622016 3828.055752116374 79157.48615416403 0.4318 47.66016 0.000390277 0.43325824 0.00042634067 0.43325824 47.977894 0.4169063 0.42570874 0.43089178 0.43536022 0.4403553 4.159855 0.06452274 12.194002 0.12711668 24.065727 0.14596844 85.63528 1.996563 2377.9889121138604 5901559673.623171 18508124675.938793 0.3051387512035044 2510360269.176827 0.0 0.5120859374722277 -99.0 3.136141240536846 [0.7763515077992839,0.7821111710893333,0.7885840906717255,0.7964530270844272,0.8036179284924403] [17867666600.40205,18184228649.353466,18599022956.679108,18906249245.679173,19235829949.129784] [2316767420.4909544,2422085509.077734,2527979872.719575,2637015531.0848565,2750827072.04311] [0.2547323812412163,0.28001302015500246,0.3098780711414614,0.33984900294795967,0.37026210694700384] [0.46361112489549045,0.48733993787680047,0.5090209935802538,0.5299161783937062,0.5464725239296568] [1.4153913848679574e-11,1.5502513223932437e-11,1.6680090597967024e-11,1.8013082033708573e-11,1.9273509889211117e-11] 1.4170232 0.07424134 14.376348 0.23866224 44.02909 0.6223564
110851 34.381266 -5.135897 -1.0 24 1.5332451 14.09661 0.023832364 3828.055752116374 79157.48615416403 1.5332451 14.09661 0.023832364 1.5598543 0.018728878 1.5343833 14.110022 1.5053607 1.5209951 1.5533999 1.6172969 1.7185524 0.5888101 0.02686289 1.0279107 0.09858626 1.2754278 0.27305225 2.238011 0.27142572 11207.445544640841 3926652675.7243237 2077558768.0089662 1.5194850978773629 8144006170.422929 0.0 0.715316663329216 -99.0 0.5290915544562985 [1.0942721630283834,1.2099855524106269,1.3683998828512953,1.5014484785098343,1.6174115966346265] [1868312695.3317251,2283579678.682164,3424431604.693542,4528073233.599957,5355113820.064085] [2632096083.669578,3834179321.750349,6492069961.563769,13974180206.11593,18876886964.016434] [0.4165403274140825,0.7301838203710529,1.2470294830044852,2.3388643715348447,3.01217796062738] [0.1843306476158424,0.3225967739047724,0.5783443484893569,1.0705290239312784,1.3228232924288201] [8.998077519904562e-11,1.6584880469240772e-10,3.8128254740534337e-10,8.769598017656109e-10,1.2874471444638012e-09] 0.39042464 0.012117103 1.0592167 0.13543105 1.6848671 0.30702257
92479 34.841218 -5.2025178 -1.0 20 2.0084927 28.396448 0.014844634 4447.9638671972125 79157.48615416403 2.0084927 28.396448 0.014844634 2.0040169 0.0141891185 2.0040169 28.387568 1.8843217 1.9347187 1.9959196 2.041937 2.0691361 1.4280258 0.10010791 2.0916324 0.08119726 2.5178938 0.111287355 4.3943753 0.2926967 15617.984122255111 12675611812.823431 3697702158.0862284 9.064046250960079 47039895451.92946 0.0 0.6483066408066083 -99.0 0.291717844683868 [1.5125934208416203,1.5540412001466837,1.5848973044826413,1.6665865325174387,1.7837620067691977] [3247135258.417291,3365242217.1399875,3625051732.64734,3894756023.7589507,4184425716.4409275] [30417988470.95068,39872503924.61799,47013652674.9624,51577102524.85094,57489360004.15554] [6.613972558504532,7.972993530643499,9.091985031412904,10.076012582809561,11.323614570303516] [0.5543160884282606,0.5953375368233694,0.6491947696783764,0.6915144843299513,0.7309518841895518] [1.8205257546980194e-09,2.0999951221977965e-09,2.4199053550377354e-09,2.906158582143034e-09,3.4328274542759175e-09] 0.9950351 0.022323906 2.1324108 0.08868325 3.2086978 0.08916736
177414 34.4835478 -4.8920345 -1.0 24 1.2613358 24.677605 0.0009524658 3828.055752116374 79157.48615416403 1.2613358 24.677605 0.0009524658 1.270387 0.0010844433 1.270387 26.24691 1.250495 1.2533708 1.2564584 1.2597778 1.2611074 1.931762 0.04285395 2.5956218 0.083921194 2.755927 0.09455907 2.9762247 0.15010059 8805.461412782595 5867287579.783043 1053196528.1382025 2.9045537745425487 9948747873.184765 0.0 0.21972179590805319 -99.0 0.1795031373214447 [2.0311001418748598,2.0380873682064897,2.0483109156334542,2.0586940444615265,2.068720209580768] [1034108646.9329482,1043818097.7607213,1053975950.3651052,1064078806.1582733,1071042061.5088015] [9684335493.212227,9818834391.96329,9959544717.72726,10099493207.350908,10195950792.128986] [2.8949279313131333,2.898683896628297,2.904133355829929,2.9096124801960515,2.91484973758539] [0.2129492691116567,0.2164162190371924,0.21999467832010874,0.22350665333555866,0.22590037382397468] [2.7029078156367785e-09,2.72412520589519e-09,2.755407632790523e-09,2.7874708357789272e-09,2.8187225841712757e-09] 1.4213709 0.02142948 2.55198 0.06677377 2.7957017 0.10871339
10525 34.7992629 -5.5085143 -1.0 23 0.44569445 20.372736 0.001907423 3828.055752116374 57450.28623538123 0.44569445 20.372736 0.001907423 0.4476627 0.0019937956 0.4476627 20.363766 0.43329066 0.43674216 0.44140023 0.45086175 0.46149158 1.4328719 0.034057498 2.9214716 0.030018687 4.174719 0.039375782 9.220077 0.2545762 2469.211566818757 1093195481.4875941 1191212214.6662014 0.14650712423512777 683737673.046934 0.0 0.22783354551859303 -99.0 1.0896607558652076 [1.1829086353432035,1.2544318797998133,1.3407122602665011,1.3827299798435244,1.4392918321706336] [1051606306.1323258,1135693606.7777004,1219139594.4123309,1410460451.9996676,1522331951.3406546] [346480139.9374907,444824578.0147383,721071975.4316952,1012408130.5235736,1271332409.9862568] [0.09827250179584149,0.1296944907147857,0.15724058554492348,0.2131346203799906,0.2734911854543913] [0.13465696633303614,0.16824329708783092,0.2226773447700028,0.25823896414982184,0.2859993228668419] [7.23426611106103e-11,1.0091996530483901e-10,1.266944725742079e-10,1.778032988407508e-10,2.48159426801192e-10] 0.7718453 0.019628316 3.17664 0.038793802 6.2675786 0.13370466
59328 34.4876498 -5.3290568 -1.0 22 2.9657702 14.252703 0.035197318 3828.055752116374 79157.48615416403 2.9657702 14.252703 0.035197318 2.8959997 0.025799219 2.9747043 14.21467 2.7047758 2.8032706 2.9183564 2.9988935 3.0645547 1.6165777 0.066954136 3.0577083 0.13416862 4.957494 0.10748243 15.452738 0.64263153 25068.624170929696 48778236086.264336 42999633485.33797 65.80036837396999 422824937929.6208 0.0 1.411228299245987 -99.0 0.8815331782250816 [0.8653253017174324,0.8799794941807602,0.9251406739701495,1.0244225137609624,1.1326401715442553] [32579745756.086555,37925574192.2917,43984385605.738205,48243522890.75116,53864497255.19433] [179901857085.50717,287079973147.48145,419300646063.2267,495455831657.5803,508612048041.2436] [27.462082405942187,44.59768341601293,65.33811341727255,77.40651308591991,79.01016526271572] [1.2588211837609882,1.326766137949887,1.3974637239058794,1.4413903197866667,1.4688355651330356] [5.029445677293721e-10,9.41824977272247e-10,1.5013570080623902e-09,2.043698887240369e-09,2.3979280293046305e-09] 0.76158464 0.05878964 3.2062938 0.19369304 8.239047 0.4825406
27281 34.7909232 -5.4475042 -1.0 23 0.21954626 76.767166 0.019392043 3828.055752116374 57450.28623538123 0.21954626 76.767166 0.019392043 0.23361678 0.012536267 0.22134209 76.443146 0.19741029 0.21396504 0.21847077 0.2548708 0.26061904 0.547951 0.014709502 0.9803423 0.01568231 1.1455283 0.03917867 2.0021996 0.08383638 1088.026930146916 69042635.62305544 25501250.525138773 0.014094590134753575 57663891.12411105 0.0 0.9723261692108217 -99.0 0.36935511361943324 [1.929224636685593,1.9380073685919623,1.9497523389404643,1.9611111968005195,1.9708850194419063] [24084504.92765246,24774588.891094416,25481559.556748286,26289252.626112603,26939324.14969818] [49924719.10547331,52928270.634942695,57831401.367766246,62984342.95982265,66205321.35558551] [0.010569253499763094,0.012004756177589322,0.014054539961945625,0.015999602763016287,0.01745740887443991] [0.8900927668687736,0.9363762758971763,0.9717470998540414,1.0121904887704276,1.0434095044997522] [3.942652362019283e-10,4.566997156498475e-10,5.484894881346522e-10,6.439555082658616e-10,7.270133544192485e-10] 0.38865894 0.031437606 0.9832241 0.023414493 1.3762932 0.026805937
